2024-05-17T11:09:22.3734005Z;7067
2024-05-17T11:09:22.5271723Z;152
2024-05-17T11:09:22.7351257Z;207
2024-05-17T11:09:22.8626897Z;126
2024-05-17T11:09:23.0861198Z;222
2024-05-17T11:09:23.2564124Z;169
2024-05-17T11:09:23.4429078Z;185
2024-05-17T11:09:23.5966423Z;152
2024-05-17T11:09:23.7612668Z;164
2024-05-17T11:09:23.9985810Z;236
2024-05-17T11:09:24.3072234Z;308
2024-05-17T11:09:24.3905805Z;83
2024-05-17T11:09:24.6328304Z;242
2024-05-17T11:09:24.8827232Z;249
2024-05-17T11:09:24.9799524Z;96
2024-05-17T11:09:25.1420736Z;161
2024-05-17T11:09:25.2683954Z;126
2024-05-17T11:09:25.4036499Z;134
2024-05-17T11:09:25.5271571Z;123
2024-05-17T11:09:25.6527136Z;125
2024-05-17T11:09:25.8784168Z;225
2024-05-17T11:09:26.2307588Z;351
2024-05-17T11:09:26.4389341Z;207
2024-05-17T11:09:26.6746557Z;226
2024-05-17T11:09:26.9272326Z;239
2024-05-17T11:09:27.0656795Z;138
2024-05-17T11:09:27.2756185Z;209
2024-05-17T11:09:27.5435848Z;267
2024-05-17T11:09:27.6800290Z;135
2024-05-17T11:09:27.9447592Z;241
2024-05-17T11:09:28.0626100Z;116
2024-05-17T11:09:28.1839751Z;120
2024-05-17T11:09:28.3577309Z;173
2024-05-17T11:09:28.6016772Z;243
2024-05-17T11:09:28.9810037Z;378
2024-05-17T11:09:29.1635407Z;181
2024-05-17T11:09:29.3548720Z;190
2024-05-17T11:09:29.5245276Z;169
2024-05-17T11:09:29.6982642Z;173
2024-05-17T11:09:29.9306753Z;232
2024-05-17T11:09:30.0574740Z;126
2024-05-17T11:09:30.2164644Z;158
2024-05-17T11:09:30.4465757Z;229
2024-05-17T11:09:30.5615775Z;114
2024-05-17T11:09:30.6937672Z;131
2024-05-17T11:09:30.8969557Z;202
2024-05-17T11:09:31.0657085Z;168
2024-05-17T11:09:31.1878645Z;121
2024-05-17T11:09:31.3063711Z;118
2024-05-17T11:09:31.4384227Z;131
2024-05-17T11:09:31.5699275Z;131
2024-05-17T11:09:31.6851316Z;114
2024-05-17T11:09:31.8089034Z;123
2024-05-17T11:09:31.9828864Z;173
2024-05-17T11:09:32.1460500Z;162
2024-05-17T11:09:32.2719040Z;125
2024-05-17T11:09:32.5622669Z;288
2024-05-17T11:09:32.9140706Z;351
2024-05-17T11:09:33.1848482Z;270
2024-05-17T11:09:33.2868468Z;101
2024-05-17T11:09:33.4020664Z;114
2024-05-17T11:09:33.6866145Z;283
2024-05-17T11:09:33.7946197Z;107
2024-05-17T11:09:34.0557539Z;260
2024-05-17T11:09:34.2726469Z;216
2024-05-17T11:09:34.5490016Z;275
2024-05-17T11:09:34.7254088Z;175
2024-05-17T11:09:34.8951999Z;169
2024-05-17T11:09:35.0463556Z;150
2024-05-17T11:09:35.1241952Z;77
2024-05-17T11:09:35.3096667Z;185
2024-05-17T11:09:35.5029802Z;192
2024-05-17T11:09:35.7310210Z;226
2024-05-17T11:09:35.9227497Z;191
2024-05-17T11:09:36.1117491Z;188
2024-05-17T11:09:36.2822787Z;170
2024-05-17T11:09:36.4330656Z;150
2024-05-17T11:09:36.6040822Z;170
2024-05-17T11:09:36.7553007Z;150
2024-05-17T11:09:36.8811668Z;125
2024-05-17T11:09:37.0256192Z;144
2024-05-17T11:09:37.1993795Z;173
2024-05-17T11:09:37.4778823Z;278
2024-05-17T11:09:37.7500579Z;271
2024-05-17T11:09:37.8915410Z;141
2024-05-17T11:09:38.0323439Z;140
2024-05-17T11:09:38.1934079Z;160
2024-05-17T11:09:38.4752809Z;281
2024-05-17T11:09:38.7755661Z;299
2024-05-17T11:09:38.9818180Z;205
2024-05-17T11:09:39.1315939Z;149
2024-05-17T11:09:39.2851082Z;153
2024-05-17T11:09:39.4034432Z;118
2024-05-17T11:09:39.5734858Z;169
2024-05-17T11:09:39.7380464Z;163
2024-05-17T11:09:39.9262753Z;187
2024-05-17T11:09:40.1513196Z;224
2024-05-17T11:09:40.2446799Z;92
2024-05-17T11:09:40.4258953Z;180
2024-05-17T11:09:40.6205051Z;194
2024-05-17T11:09:40.7791350Z;158
2024-05-17T11:09:40.9340048Z;149
2024-05-17T11:09:41.0967747Z;162
2024-05-17T11:09:41.2483264Z;150
2024-05-17T11:09:41.5302467Z;281
2024-05-17T11:09:41.6234298Z;91
2024-05-17T11:09:41.7678138Z;142
2024-05-17T11:09:41.9498820Z;177
2024-05-17T11:09:42.1340268Z;182
2024-05-17T11:09:42.2819374Z;147
2024-05-17T11:09:42.4249210Z;142
2024-05-17T11:09:42.6530328Z;226
2024-05-17T11:09:42.8025288Z;145
2024-05-17T11:09:42.9357551Z;132
2024-05-17T11:09:43.0511184Z;114
2024-05-17T11:09:43.2132964Z;161
2024-05-17T11:09:43.3710233Z;157
2024-05-17T11:09:43.5238431Z;152
2024-05-17T11:09:43.6741173Z;149
2024-05-17T11:09:43.9269916Z;252
2024-05-17T11:09:44.1745533Z;247
2024-05-17T11:09:44.3757472Z;200
2024-05-17T11:09:44.7442498Z;366
2024-05-17T11:09:45.0177062Z;273
2024-05-17T11:09:45.2021836Z;184
2024-05-17T11:09:45.4257060Z;222
2024-05-17T11:09:45.6826482Z;256
2024-05-17T11:09:45.8263183Z;142
2024-05-17T11:09:45.9967528Z;169
2024-05-17T11:09:46.1431573Z;146
2024-05-17T11:09:46.3144762Z;171
2024-05-17T11:09:46.4909228Z;176
2024-05-17T11:09:46.6207744Z;129
2024-05-17T11:09:46.7684821Z;147
2024-05-17T11:09:46.9474755Z;178
2024-05-17T11:09:47.1575454Z;209
2024-05-17T11:09:47.2400772Z;75
2024-05-17T11:09:47.3957361Z;155
2024-05-17T11:09:47.6328372Z;236
2024-05-17T11:09:47.7709940Z;137
2024-05-17T11:09:47.8957557Z;124
2024-05-17T11:09:48.0425319Z;146
2024-05-17T11:09:48.1827405Z;139
2024-05-17T11:09:48.3280142Z;144
2024-05-17T11:09:48.5017912Z;173
2024-05-17T11:09:48.7187200Z;216
2024-05-17T11:09:48.9375570Z;218
2024-05-17T11:09:49.0884904Z;142
2024-05-17T11:09:49.2415909Z;152
2024-05-17T11:09:49.4704899Z;227
2024-05-17T11:09:49.6493212Z;178
2024-05-17T11:09:49.7785615Z;128
2024-05-17T11:09:49.9398964Z;161
2024-05-17T11:09:50.1087152Z;168
2024-05-17T11:09:50.3652085Z;256
2024-05-17T11:09:50.4881206Z;122
2024-05-17T11:09:50.6486917Z;160
2024-05-17T11:09:50.8160274Z;166
2024-05-17T11:09:50.9659302Z;148
2024-05-17T11:09:51.1609053Z;194
2024-05-17T11:09:51.2855201Z;124
2024-05-17T11:09:51.4211911Z;135
2024-05-17T11:09:51.5651660Z;143
2024-05-17T11:09:51.7230209Z;155
2024-05-17T11:09:51.8037384Z;80
2024-05-17T11:09:51.9876482Z;183
2024-05-17T11:09:52.1345605Z;146
2024-05-17T11:09:52.2510027Z;116
2024-05-17T11:09:52.4194170Z;168
2024-05-17T11:09:52.5607773Z;141
2024-05-17T11:09:52.7016109Z;140
2024-05-17T11:09:52.8572317Z;155
2024-05-17T11:09:53.0068722Z;149
2024-05-17T11:09:53.1609948Z;153
2024-05-17T11:09:53.2797318Z;118
2024-05-17T11:09:53.4064697Z;126
2024-05-17T11:09:53.6117980Z;204
2024-05-17T11:09:53.7273038Z;115
2024-05-17T11:09:53.8610500Z;133
2024-05-17T11:09:54.0191137Z;157
2024-05-17T11:09:54.1550339Z;135
2024-05-17T11:09:54.2790859Z;123
2024-05-17T11:09:54.4612506Z;181
2024-05-17T11:09:54.5910539Z;129
2024-05-17T11:09:54.7220454Z;130
2024-05-17T11:09:54.9039035Z;181
2024-05-17T11:09:55.0073596Z;103
2024-05-17T11:09:55.1550993Z;147
2024-05-17T11:09:55.3188739Z;162
2024-05-17T11:09:55.4563145Z;136
2024-05-17T11:09:55.6001985Z;137
2024-05-17T11:09:55.7510729Z;150
2024-05-17T11:09:55.8900218Z;138
2024-05-17T11:09:56.0347739Z;144
2024-05-17T11:09:56.1419238Z;106
2024-05-17T11:09:56.2941330Z;151
2024-05-17T11:09:56.4283425Z;133
2024-05-17T11:09:56.6020213Z;173
2024-05-17T11:09:56.7948552Z;192
2024-05-17T11:09:57.0422893Z;247
2024-05-17T11:09:57.1475781Z;104
2024-05-17T11:09:57.2846869Z;136
2024-05-17T11:09:57.4315089Z;146
2024-05-17T11:09:57.5658219Z;134
2024-05-17T11:09:57.7187826Z;152
2024-05-17T11:09:57.8426756Z;123
2024-05-17T11:09:58.0027189Z;159
2024-05-17T11:09:58.1544745Z;151
2024-05-17T11:09:58.3003681Z;145
2024-05-17T11:09:58.4761301Z;175
2024-05-17T11:09:58.5928063Z;116
2024-05-17T11:09:58.8585146Z;265
2024-05-17T11:09:58.9971411Z;138
2024-05-17T11:09:59.1370816Z;139
2024-05-17T11:09:59.2888293Z;151
2024-05-17T11:09:59.4343165Z;145
2024-05-17T11:09:59.5737449Z;139
2024-05-17T11:09:59.7108766Z;136
2024-05-17T11:09:59.8510934Z;139
2024-05-17T11:10:00.0241682Z;172
2024-05-17T11:10:00.1395114Z;115
2024-05-17T11:10:00.2997383Z;159
2024-05-17T11:10:00.4547429Z;154
2024-05-17T11:10:00.6163070Z;161
2024-05-17T11:10:00.7830990Z;165
2024-05-17T11:10:01.0000753Z;214
2024-05-17T11:10:01.1532636Z;151
2024-05-17T11:10:01.2995049Z;145
2024-05-17T11:10:01.4584417Z;158
2024-05-17T11:10:01.6290399Z;170
2024-05-17T11:10:01.7706243Z;141
2024-05-17T11:10:01.9245947Z;153
2024-05-17T11:10:02.1097120Z;184
2024-05-17T11:10:02.2680461Z;157
2024-05-17T11:10:02.4280382Z;159
2024-05-17T11:10:02.5794127Z;151
2024-05-17T11:10:02.7102720Z;130
2024-05-17T11:10:02.8751888Z;162
2024-05-17T11:10:03.0034796Z;127
2024-05-17T11:10:03.1695296Z;165
2024-05-17T11:10:03.3639158Z;194
2024-05-17T11:10:03.4526954Z;88
2024-05-17T11:10:03.6678170Z;214
2024-05-17T11:10:03.8316533Z;163
2024-05-17T11:10:03.9524116Z;119
2024-05-17T11:10:04.0840102Z;131
2024-05-17T11:10:04.2547799Z;170
2024-05-17T11:10:04.4962622Z;241
2024-05-17T11:10:04.7164395Z;219
2024-05-17T11:10:04.8867598Z;169
2024-05-17T11:10:05.0105594Z;123
2024-05-17T11:10:05.1440905Z;133
2024-05-17T11:10:05.3003597Z;154
2024-05-17T11:10:05.4269975Z;126
2024-05-17T11:10:05.6161256Z;188
2024-05-17T11:10:05.7694103Z;152
2024-05-17T11:10:05.9184125Z;146
2024-05-17T11:10:06.0740436Z;155
2024-05-17T11:10:06.2094936Z;134
2024-05-17T11:10:06.3546077Z;144
2024-05-17T11:10:06.5142678Z;159
2024-05-17T11:10:06.7053708Z;190
2024-05-17T11:10:06.8756099Z;169
2024-05-17T11:10:07.0942672Z;218
2024-05-17T11:10:07.2342231Z;139
2024-05-17T11:10:07.3505834Z;116
2024-05-17T11:10:07.4986169Z;147
2024-05-17T11:10:07.6356696Z;135
2024-05-17T11:10:07.7665378Z;130
2024-05-17T11:10:07.9045048Z;137
2024-05-17T11:10:08.0346652Z;129
2024-05-17T11:10:08.1836850Z;148
2024-05-17T11:10:08.3280314Z;143
2024-05-17T11:10:08.5365737Z;208
2024-05-17T11:10:08.7264460Z;189
2024-05-17T11:10:08.8372631Z;110
2024-05-17T11:10:09.0652173Z;227
2024-05-17T11:10:09.1646297Z;98
2024-05-17T11:10:09.3294272Z;164
2024-05-17T11:10:09.4535448Z;123
2024-05-17T11:10:09.5838463Z;129
2024-05-17T11:10:09.7485190Z;164
2024-05-17T11:10:09.8889554Z;138
2024-05-17T11:10:10.0008871Z;109
2024-05-17T11:10:10.1467061Z;145
2024-05-17T11:10:10.3553398Z;207
2024-05-17T11:10:10.5073569Z;151
2024-05-17T11:10:10.6763236Z;168
2024-05-17T11:10:10.8761580Z;199
2024-05-17T11:10:11.0511739Z;174
2024-05-17T11:10:11.2154527Z;163
2024-05-17T11:10:11.3420845Z;126
2024-05-17T11:10:11.4938172Z;151
2024-05-17T11:10:11.6430941Z;148
2024-05-17T11:10:11.7926030Z;147
2024-05-17T11:10:11.9290986Z;136
2024-05-17T11:10:12.0732679Z;141
2024-05-17T11:10:12.1754701Z;100
2024-05-17T11:10:12.4473118Z;271
2024-05-17T11:10:12.5904283Z;142
2024-05-17T11:10:12.7643163Z;173
2024-05-17T11:10:12.9062230Z;141
2024-05-17T11:10:13.0264380Z;119
2024-05-17T11:10:13.1424456Z;114
2024-05-17T11:10:13.3161299Z;173
2024-05-17T11:10:13.3907011Z;74
2024-05-17T11:10:13.5368170Z;145
2024-05-17T11:10:13.6815160Z;143
2024-05-17T11:10:13.8577078Z;175
2024-05-17T11:10:13.9799997Z;121
2024-05-17T11:10:14.1040598Z;120
2024-05-17T11:10:14.2054482Z;101
2024-05-17T11:10:14.3429914Z;137
2024-05-17T11:10:14.4722591Z;128
2024-05-17T11:10:14.5768969Z;104
2024-05-17T11:10:14.6806913Z;103
2024-05-17T11:10:14.8797035Z;198
2024-05-17T11:10:15.0175385Z;137
2024-05-17T11:10:15.1410055Z;123
2024-05-17T11:10:15.2531156Z;111
2024-05-17T11:10:15.3734434Z;119
2024-05-17T11:10:15.4823435Z;107
2024-05-17T11:10:15.6505137Z;167
2024-05-17T11:10:15.7486749Z;97
2024-05-17T11:10:15.9341764Z;182
2024-05-17T11:10:16.0611427Z;126
2024-05-17T11:10:16.1286668Z;64
2024-05-17T11:10:16.2718057Z;142
2024-05-17T11:10:16.4065502Z;134
2024-05-17T11:10:16.5291603Z;122
2024-05-17T11:10:16.6891464Z;159
2024-05-17T11:10:16.8580708Z;168
2024-05-17T11:10:17.0048194Z;146
2024-05-17T11:10:17.1220307Z;116
2024-05-17T11:10:17.2388144Z;116
2024-05-17T11:10:17.3438043Z;104
2024-05-17T11:10:17.5035642Z;159
2024-05-17T11:10:17.6438302Z;139
2024-05-17T11:10:17.7508387Z;106
2024-05-17T11:10:17.8483493Z;96
2024-05-17T11:10:17.9737692Z;124
2024-05-17T11:10:18.1122278Z;137
2024-05-17T11:10:18.2719382Z;159
2024-05-17T11:10:18.4360406Z;163
2024-05-17T11:10:18.5668665Z;128
2024-05-17T11:10:18.7090235Z;141
2024-05-17T11:10:18.8573644Z;147
2024-05-17T11:10:19.0383531Z;180
2024-05-17T11:10:19.1840786Z;145
2024-05-17T11:10:19.2777389Z;93
2024-05-17T11:10:19.4450524Z;166
2024-05-17T11:10:19.5597445Z;114
2024-05-17T11:10:19.7139617Z;152
2024-05-17T11:10:19.8693504Z;151
2024-05-17T11:10:19.9914802Z;121
2024-05-17T11:10:20.1781287Z;183
2024-05-17T11:10:20.2677399Z;89
2024-05-17T11:10:20.3734454Z;105
2024-05-17T11:10:20.5273233Z;152
2024-05-17T11:10:20.6338079Z;105
2024-05-17T11:10:20.7688179Z;134
2024-05-17T11:10:20.8956333Z;126
2024-05-17T11:10:21.0187870Z;122
2024-05-17T11:10:21.1407161Z;120
2024-05-17T11:10:21.2820130Z;140
2024-05-17T11:10:21.4028273Z;120
2024-05-17T11:10:21.5544890Z;151
2024-05-17T11:10:21.6882860Z;132
2024-05-17T11:10:21.7997375Z;110
2024-05-17T11:10:21.9461344Z;146
2024-05-17T11:10:22.0976276Z;151
2024-05-17T11:10:22.2179827Z;119
2024-05-17T11:10:22.3641553Z;145
2024-05-17T11:10:22.4806198Z;115
2024-05-17T11:10:22.5981612Z;117
2024-05-17T11:10:22.7765911Z;176
2024-05-17T11:10:22.8976472Z;118
2024-05-17T11:10:23.0319048Z;133
2024-05-17T11:10:23.1368419Z;104
2024-05-17T11:10:23.3018020Z;164
2024-05-17T11:10:23.3847513Z;82
2024-05-17T11:10:23.5457120Z;160
2024-05-17T11:10:23.7118125Z;165
2024-05-17T11:10:23.8650887Z;153
2024-05-17T11:10:23.9866227Z;121
2024-05-17T11:10:24.1364978Z;149
2024-05-17T11:10:24.2516410Z;114
2024-05-17T11:10:24.3698234Z;117
2024-05-17T11:10:24.5216984Z;151
2024-05-17T11:10:24.6533471Z;131
2024-05-17T11:10:24.7748667Z;121
2024-05-17T11:10:24.9727050Z;197
2024-05-17T11:10:25.1045954Z;131
2024-05-17T11:10:25.2471687Z;142
2024-05-17T11:10:25.3804343Z;132
2024-05-17T11:10:25.5265948Z;145
2024-05-17T11:10:25.7148316Z;186
2024-05-17T11:10:25.8641572Z;148
2024-05-17T11:10:26.0324261Z;167
2024-05-17T11:10:26.1826055Z;149
2024-05-17T11:10:26.3420859Z;159
2024-05-17T11:10:26.4849069Z;142
2024-05-17T11:10:26.6294845Z;143
2024-05-17T11:10:26.8131687Z;183
2024-05-17T11:10:26.9684364Z;154
2024-05-17T11:10:27.0939080Z;125
2024-05-17T11:10:27.2050923Z;110
2024-05-17T11:10:27.3405571Z;135
2024-05-17T11:10:27.4668238Z;125
2024-05-17T11:10:27.5808743Z;113
2024-05-17T11:10:27.7112222Z;130
2024-05-17T11:10:27.8429688Z;131
2024-05-17T11:10:28.0397841Z;196
2024-05-17T11:10:28.1403648Z;100
2024-05-17T11:10:28.2756597Z;134
2024-05-17T11:10:28.4062783Z;130
2024-05-17T11:10:28.5445151Z;137
2024-05-17T11:10:28.7519267Z;207
2024-05-17T11:10:28.8250928Z;72
2024-05-17T11:10:28.9539561Z;127
2024-05-17T11:10:29.1912118Z;232
2024-05-17T11:10:29.3277482Z;135
2024-05-17T11:10:29.4958566Z;167
2024-05-17T11:10:29.6693326Z;173
2024-05-17T11:10:29.8182656Z;148
2024-05-17T11:10:29.9553563Z;135
2024-05-17T11:10:30.0763266Z;120
2024-05-17T11:10:30.1773192Z;100
2024-05-17T11:10:30.3351895Z;156
2024-05-17T11:10:30.4482116Z;112
2024-05-17T11:10:30.6059999Z;157
2024-05-17T11:10:30.7192779Z;112
2024-05-17T11:10:30.8774185Z;157
2024-05-17T11:10:31.0144372Z;136
2024-05-17T11:10:31.1330842Z;118
2024-05-17T11:10:31.2605580Z;127
2024-05-17T11:10:31.4248600Z;164
2024-05-17T11:10:31.5364392Z;111
2024-05-17T11:10:31.6852162Z;148
2024-05-17T11:10:31.7691366Z;83
2024-05-17T11:10:31.9240363Z;154
2024-05-17T11:10:32.0745804Z;150
2024-05-17T11:10:32.2098252Z;134
2024-05-17T11:10:32.3823056Z;171
2024-05-17T11:10:32.4973808Z;114
2024-05-17T11:10:32.6052488Z;107
2024-05-17T11:10:32.7668133Z;161
2024-05-17T11:10:32.8699619Z;102
2024-05-17T11:10:33.0333011Z;162
2024-05-17T11:10:33.1833165Z;148
2024-05-17T11:10:33.2710552Z;87
2024-05-17T11:10:33.4187104Z;147
2024-05-17T11:10:33.5831594Z;163
2024-05-17T11:10:33.7474228Z;163
2024-05-17T11:10:33.8840049Z;136
2024-05-17T11:10:34.0263211Z;141
2024-05-17T11:10:34.1668140Z;137
2024-05-17T11:10:34.2877095Z;120
2024-05-17T11:10:34.4316359Z;134
2024-05-17T11:10:34.5578239Z;119
2024-05-17T11:10:34.7264956Z;168
2024-05-17T11:10:34.9448190Z;217
2024-05-17T11:10:35.0515636Z;106
2024-05-17T11:10:35.3983380Z;346
2024-05-17T11:10:35.5797101Z;180
2024-05-17T11:10:35.6894383Z;109
2024-05-17T11:10:35.8574062Z;167
2024-05-17T11:10:36.0292461Z;171
2024-05-17T11:10:36.1755882Z;145
2024-05-17T11:10:36.2817625Z;105
2024-05-17T11:10:36.4204143Z;138
2024-05-17T11:10:36.5610872Z;140
2024-05-17T11:10:36.6930098Z;130
2024-05-17T11:10:36.8576366Z;163
2024-05-17T11:10:36.9688194Z;110
2024-05-17T11:10:37.1011296Z;131
2024-05-17T11:10:37.2263894Z;124
2024-05-17T11:10:37.3295797Z;102
2024-05-17T11:10:37.4693443Z;139
2024-05-17T11:10:37.6135510Z;143
2024-05-17T11:10:37.7528579Z;138
2024-05-17T11:10:37.8752462Z;122
2024-05-17T11:10:37.9998883Z;124
2024-05-17T11:10:38.1640734Z;163
2024-05-17T11:10:38.3263919Z;161
2024-05-17T11:10:38.4655420Z;138
2024-05-17T11:10:38.6184547Z;152
2024-05-17T11:10:38.7972145Z;178
2024-05-17T11:10:38.9678463Z;170
2024-05-17T11:10:39.1190098Z;150
2024-05-17T11:10:39.3736765Z;254
2024-05-17T11:10:39.5284980Z;154
2024-05-17T11:10:39.6527426Z;123
2024-05-17T11:10:39.7902145Z;137
2024-05-17T11:10:39.9261370Z;134
2024-05-17T11:10:40.0719862Z;145
2024-05-17T11:10:40.2555894Z;179
2024-05-17T11:10:40.3564015Z;98
2024-05-17T11:10:40.5306559Z;174
2024-05-17T11:10:40.7167210Z;185
2024-05-17T11:10:40.8203773Z;103
2024-05-17T11:10:40.9910445Z;170
2024-05-17T11:10:41.1267924Z;135
2024-05-17T11:10:41.3314261Z;204
2024-05-17T11:10:41.4468742Z;115
2024-05-17T11:10:41.5901365Z;142
2024-05-17T11:10:41.7086672Z;117
2024-05-17T11:10:41.8962703Z;187
2024-05-17T11:10:42.0279759Z;130
2024-05-17T11:10:42.2383545Z;210
2024-05-17T11:10:42.3793464Z;140
2024-05-17T11:10:42.5491132Z;169
2024-05-17T11:10:42.6877159Z;138
2024-05-17T11:10:42.8543053Z;166
2024-05-17T11:10:42.9940799Z;139
2024-05-17T11:10:43.1366477Z;142
2024-05-17T11:10:43.2534661Z;116
2024-05-17T11:10:43.4700196Z;215
2024-05-17T11:10:43.6536308Z;183
2024-05-17T11:10:43.7455061Z;91
2024-05-17T11:10:43.9078650Z;161
2024-05-17T11:10:44.1058360Z;197
2024-05-17T11:10:44.2510758Z;144
2024-05-17T11:10:44.3547727Z;103
2024-05-17T11:10:44.5108067Z;155
2024-05-17T11:10:44.6488231Z;137
2024-05-17T11:10:44.8230206Z;173
2024-05-17T11:10:44.9746803Z;151
2024-05-17T11:10:45.1257846Z;150
2024-05-17T11:10:45.2816161Z;155
2024-05-17T11:10:45.3981698Z;116
2024-05-17T11:10:45.5419903Z;143
2024-05-17T11:10:45.8705468Z;328
2024-05-17T11:10:46.0461280Z;175
2024-05-17T11:10:46.1929069Z;139
2024-05-17T11:10:46.3695790Z;174
2024-05-17T11:10:46.6188692Z;248
2024-05-17T11:10:46.9741851Z;354
2024-05-17T11:10:47.2176645Z;243
2024-05-17T11:10:47.4885586Z;264
2024-05-17T11:10:47.6947103Z;205
2024-05-17T11:10:47.9868498Z;291
2024-05-17T11:10:48.1537046Z;166
2024-05-17T11:10:48.3334400Z;179
2024-05-17T11:10:48.4861675Z;152
2024-05-17T11:10:48.5958945Z;109
2024-05-17T11:10:48.8300390Z;232
2024-05-17T11:10:48.9357581Z;105
2024-05-17T11:10:49.0582042Z;122
2024-05-17T11:10:49.2556740Z;197
2024-05-17T11:10:49.4348620Z;177
2024-05-17T11:10:49.6633802Z;228
2024-05-17T11:10:49.8650494Z;201
2024-05-17T11:10:50.0601240Z;194
2024-05-17T11:10:50.2915622Z;230
2024-05-17T11:10:50.5882980Z;296
2024-05-17T11:10:50.7709806Z;182
2024-05-17T11:10:50.8791050Z;102
2024-05-17T11:10:51.0137065Z;134
2024-05-17T11:10:51.1683167Z;153
2024-05-17T11:10:51.3509935Z;181
2024-05-17T11:10:51.5190955Z;167
2024-05-17T11:10:51.6818061Z;162
2024-05-17T11:10:51.8304636Z;147
2024-05-17T11:10:52.0319044Z;201
2024-05-17T11:10:52.2108544Z;178
2024-05-17T11:10:52.3641076Z;152
2024-05-17T11:10:52.5119851Z;147
2024-05-17T11:10:52.6713287Z;159
2024-05-17T11:10:52.8027407Z;131
2024-05-17T11:10:52.9351583Z;132
2024-05-17T11:10:53.1388716Z;203
2024-05-17T11:10:53.2244840Z;85
2024-05-17T11:10:53.4473342Z;222
2024-05-17T11:10:53.6285077Z;180
2024-05-17T11:10:53.7505597Z;121
2024-05-17T11:10:53.9030260Z;152
2024-05-17T11:10:54.0535929Z;150
2024-05-17T11:10:54.2135115Z;159
2024-05-17T11:10:54.3870081Z;173
2024-05-17T11:10:54.4976960Z;110
2024-05-17T11:10:54.6617346Z;162
2024-05-17T11:10:54.8139646Z;151
2024-05-17T11:10:54.9586316Z;144
2024-05-17T11:10:55.0737602Z;92
2024-05-17T11:10:55.2465290Z;162
2024-05-17T11:10:55.3991514Z;152
2024-05-17T11:10:55.5434504Z;143
2024-05-17T11:10:55.6967326Z;152
2024-05-17T11:10:55.8273768Z;130
2024-05-17T11:10:55.9824523Z;154
2024-05-17T11:10:56.1490999Z;166
2024-05-17T11:10:56.3165689Z;167
2024-05-17T11:10:56.4868694Z;169
2024-05-17T11:10:56.6963096Z;209
2024-05-17T11:10:56.8424788Z;145
2024-05-17T11:10:57.0098037Z;166
2024-05-17T11:10:57.1913500Z;181
2024-05-17T11:10:57.3474240Z;154
2024-05-17T11:10:57.5635796Z;215
2024-05-17T11:10:57.7237539Z;159
2024-05-17T11:10:57.8800446Z;155
2024-05-17T11:10:58.0905642Z;210
2024-05-17T11:10:58.2090299Z;117
2024-05-17T11:10:58.3720350Z;162
2024-05-17T11:10:58.5223541Z;150
2024-05-17T11:10:58.7527625Z;229
2024-05-17T11:10:58.8503738Z;96
2024-05-17T11:10:58.9941098Z;142
2024-05-17T11:10:59.1485561Z;154
2024-05-17T11:10:59.2988025Z;149
2024-05-17T11:10:59.4681352Z;168
2024-05-17T11:10:59.6332180Z;164
2024-05-17T11:10:59.8065140Z;172
2024-05-17T11:10:59.9481226Z;141
2024-05-17T11:11:00.1278522Z;179
2024-05-17T11:11:00.2668917Z;138
2024-05-17T11:11:00.3799162Z;112
2024-05-17T11:11:00.5537355Z;173
2024-05-17T11:11:00.7258979Z;171
2024-05-17T11:11:00.8680243Z;140
2024-05-17T11:11:00.9877245Z;118
2024-05-17T11:11:01.1835199Z;195
2024-05-17T11:11:01.3473459Z;163
2024-05-17T11:11:01.5008221Z;151
2024-05-17T11:11:01.6112484Z;110
2024-05-17T11:11:01.7747247Z;163
2024-05-17T11:11:01.9343558Z;159
2024-05-17T11:11:02.0628927Z;128
2024-05-17T11:11:02.2023888Z;139
2024-05-17T11:11:02.3412911Z;137
2024-05-17T11:11:02.4912211Z;145
2024-05-17T11:11:02.6753174Z;183
2024-05-17T11:11:02.8267082Z;151
2024-05-17T11:11:02.9652819Z;137
2024-05-17T11:11:03.0949835Z;129
2024-05-17T11:11:03.2326615Z;137
2024-05-17T11:11:03.4324259Z;192
2024-05-17T11:11:03.5613184Z;128
2024-05-17T11:11:03.7388331Z;176
2024-05-17T11:11:03.9314639Z;192
2024-05-17T11:11:04.1308425Z;199
2024-05-17T11:11:04.3785486Z;246
2024-05-17T11:11:04.5196233Z;140
2024-05-17T11:11:04.7209200Z;199
2024-05-17T11:11:04.8930687Z;171
2024-05-17T11:11:05.0943230Z;200
2024-05-17T11:11:05.2063774Z;111
2024-05-17T11:11:05.3337733Z;126
2024-05-17T11:11:05.4670054Z;132
2024-05-17T11:11:05.5920530Z;124
2024-05-17T11:11:05.7109939Z;118
2024-05-17T11:11:06.0570428Z;345
2024-05-17T11:11:06.2305354Z;173
2024-05-17T11:11:06.3631570Z;132
2024-05-17T11:11:06.5562464Z;192
2024-05-17T11:11:06.6303195Z;72
2024-05-17T11:11:06.7822478Z;151
2024-05-17T11:11:06.9659598Z;181
2024-05-17T11:11:07.0705495Z;103
2024-05-17T11:11:07.1932848Z;122
2024-05-17T11:11:07.3287127Z;133
2024-05-17T11:11:07.4310417Z;101
2024-05-17T11:11:07.5740362Z;141
2024-05-17T11:11:07.6548023Z;80
2024-05-17T11:11:07.7958056Z;140
2024-05-17T11:11:07.9315799Z;135
2024-05-17T11:11:08.0754689Z;143
2024-05-17T11:11:08.1793577Z;102
2024-05-17T11:11:08.3100719Z;129
2024-05-17T11:11:08.5148725Z;204
2024-05-17T11:11:08.6353592Z;120
2024-05-17T11:11:08.8880533Z;252
2024-05-17T11:11:09.0351266Z;145
2024-05-17T11:11:09.1601516Z;124
2024-05-17T11:11:09.2852840Z;123
2024-05-17T11:11:09.4943210Z;208
2024-05-17T11:11:09.6345173Z;139
2024-05-17T11:11:09.7455456Z;110
2024-05-17T11:11:09.8900882Z;144
2024-05-17T11:11:10.0299358Z;139
2024-05-17T11:11:10.1923622Z;162
2024-05-17T11:11:10.3232024Z;130
2024-05-17T11:11:10.4624035Z;138
2024-05-17T11:11:10.5664322Z;103
2024-05-17T11:11:10.6964608Z;129
2024-05-17T11:11:10.8235277Z;126
2024-05-17T11:11:10.9360780Z;112
2024-05-17T11:11:11.0717027Z;135
2024-05-17T11:11:11.2264589Z;154
2024-05-17T11:11:11.3368539Z;109
2024-05-17T11:11:11.4800395Z;142
2024-05-17T11:11:11.6064385Z;126
2024-05-17T11:11:11.7295377Z;122
2024-05-17T11:11:11.8684188Z;138
2024-05-17T11:11:12.0071504Z;138
2024-05-17T11:11:12.1501621Z;142
2024-05-17T11:11:12.3087657Z;158
2024-05-17T11:11:12.4567692Z;147
2024-05-17T11:11:12.5740536Z;116
2024-05-17T11:11:12.7268412Z;152
2024-05-17T11:11:12.8478894Z;120
2024-05-17T11:11:13.0365483Z;187
2024-05-17T11:11:13.1130211Z;75
2024-05-17T11:11:13.2653444Z;151
2024-05-17T11:11:13.4008973Z;133
2024-05-17T11:11:13.5405988Z;139
2024-05-17T11:11:13.6950111Z;152
2024-05-17T11:11:13.8246393Z;129
2024-05-17T11:11:13.9604710Z;135
2024-05-17T11:11:14.0792001Z;118
2024-05-17T11:11:14.2529161Z;173
2024-05-17T11:11:14.3973696Z;144
2024-05-17T11:11:14.5314272Z;132
2024-05-17T11:11:14.6577321Z;125
2024-05-17T11:11:14.7831729Z;125
2024-05-17T11:11:14.9283838Z;144
2024-05-17T11:11:15.0528882Z;124
2024-05-17T11:11:15.2028406Z;149
2024-05-17T11:11:15.3199340Z;116
2024-05-17T11:11:15.4154898Z;95
2024-05-17T11:11:15.5708331Z;153
2024-05-17T11:11:15.7060692Z;134
2024-05-17T11:11:15.8620254Z;155
2024-05-17T11:11:16.0112601Z;147
2024-05-17T11:11:16.1851128Z;173
2024-05-17T11:11:16.3263259Z;140
2024-05-17T11:11:16.4607798Z;133
2024-05-17T11:11:16.5912750Z;129
2024-05-17T11:11:16.7374191Z;145
2024-05-17T11:11:16.8961726Z;158
2024-05-17T11:11:17.0309759Z;133
2024-05-17T11:11:17.1766151Z;145
2024-05-17T11:11:17.3075853Z;130
2024-05-17T11:11:17.4257332Z;117
2024-05-17T11:11:17.5787632Z;152
2024-05-17T11:11:17.7043766Z;125
2024-05-17T11:11:17.8313170Z;126
2024-05-17T11:11:17.9383826Z;106
2024-05-17T11:11:18.1333125Z;194
2024-05-17T11:11:18.2528397Z;119
2024-05-17T11:11:18.4139641Z;160
2024-05-17T11:11:18.5522339Z;137
2024-05-17T11:11:18.7807270Z;227
2024-05-17T11:11:18.9247657Z;143
2024-05-17T11:11:19.0785814Z;153
2024-05-17T11:11:19.1643504Z;85
2024-05-17T11:11:19.3183040Z;152
2024-05-17T11:11:19.5850396Z;265
2024-05-17T11:11:19.8317814Z;246
2024-05-17T11:11:20.0075606Z;174
2024-05-17T11:11:20.1529895Z;145
2024-05-17T11:11:20.2870255Z;133
2024-05-17T11:11:20.4244651Z;137
2024-05-17T11:11:20.5464258Z;121
2024-05-17T11:11:20.6810526Z;134
2024-05-17T11:11:20.8184472Z;137
2024-05-17T11:11:20.9697698Z;149
2024-05-17T11:11:21.1076557Z;137
2024-05-17T11:11:21.2383134Z;130
2024-05-17T11:11:21.3781322Z;139
2024-05-17T11:11:21.5429199Z;164
2024-05-17T11:11:21.6531376Z;109
2024-05-17T11:11:21.7744630Z;120
2024-05-17T11:11:21.9128394Z;138
2024-05-17T11:11:22.0394187Z;126
2024-05-17T11:11:22.1629464Z;123
2024-05-17T11:11:22.2752259Z;112
2024-05-17T11:11:22.4739595Z;198
2024-05-17T11:11:22.6130643Z;138
2024-05-17T11:11:22.7607501Z;147
2024-05-17T11:11:22.8619148Z;100
2024-05-17T11:11:23.0020039Z;139
2024-05-17T11:11:23.1613682Z;159
2024-05-17T11:11:23.2468702Z;84
2024-05-17T11:11:23.4120082Z;164
2024-05-17T11:11:23.5768056Z;164
2024-05-17T11:11:23.7280496Z;150
2024-05-17T11:11:23.8451422Z;115
2024-05-17T11:11:23.9810338Z;135
2024-05-17T11:11:24.1363526Z;154
2024-05-17T11:11:24.2937932Z;156
2024-05-17T11:11:24.4684387Z;173
2024-05-17T11:11:24.5813930Z;112
2024-05-17T11:11:24.7312057Z;149
2024-05-17T11:11:24.8843928Z;152
2024-05-17T11:11:24.9734925Z;88
2024-05-17T11:11:25.1436298Z;169
2024-05-17T11:11:25.3001241Z;156
2024-05-17T11:11:25.4591597Z;158
2024-05-17T11:11:25.5682987Z;108
2024-05-17T11:11:25.7091215Z;138
2024-05-17T11:11:25.8483923Z;138
2024-05-17T11:11:25.9940860Z;145
2024-05-17T11:11:26.1231575Z;128
2024-05-17T11:11:26.2778098Z;154
2024-05-17T11:11:26.4137792Z;135
2024-05-17T11:11:26.5452056Z;130
2024-05-17T11:11:26.6602107Z;112
2024-05-17T11:11:26.8020818Z;141
2024-05-17T11:11:26.9386955Z;136
2024-05-17T11:11:27.0586758Z;119
2024-05-17T11:11:27.2295020Z;170
2024-05-17T11:11:27.3824085Z;152
2024-05-17T11:11:27.5236246Z;140
2024-05-17T11:11:27.6666665Z;142
2024-05-17T11:11:27.7455012Z;70
2024-05-17T11:11:27.8856869Z;139
2024-05-17T11:11:28.0432979Z;157
2024-05-17T11:11:28.1950288Z;151
2024-05-17T11:11:28.2944924Z;99
2024-05-17T11:11:28.4563309Z;161
2024-05-17T11:11:28.6332667Z;176
2024-05-17T11:11:28.7950721Z;161
2024-05-17T11:11:28.9149051Z;119
2024-05-17T11:11:29.0567055Z;141
2024-05-17T11:11:29.2469547Z;176
2024-05-17T11:11:29.3130634Z;64
2024-05-17T11:11:29.4872222Z;171
2024-05-17T11:11:29.7378554Z;249
2024-05-17T11:11:29.8807347Z;142
2024-05-17T11:11:30.0332038Z;152
2024-05-17T11:11:30.1502031Z;116
2024-05-17T11:11:30.2954745Z;144
2024-05-17T11:11:30.4104681Z;114
2024-05-17T11:11:30.5800904Z;169
2024-05-17T11:11:30.6961466Z;115
2024-05-17T11:11:30.8062878Z;109
2024-05-17T11:11:30.9113494Z;104
2024-05-17T11:11:31.0941008Z;182
2024-05-17T11:11:31.2790595Z;184
2024-05-17T11:11:31.4350018Z;155
2024-05-17T11:11:31.5518449Z;116
2024-05-17T11:11:31.7408033Z;188
2024-05-17T11:11:31.9119426Z;170
2024-05-17T11:11:32.0532594Z;140
2024-05-17T11:11:32.2409586Z;187
2024-05-17T11:11:32.3408361Z;99
2024-05-17T11:11:32.4827145Z;141
2024-05-17T11:11:32.6354653Z;152
2024-05-17T11:11:32.7867006Z;150
2024-05-17T11:11:32.9190147Z;131
2024-05-17T11:11:33.0589840Z;139
2024-05-17T11:11:33.1852451Z;126
2024-05-17T11:11:33.3552655Z;169
2024-05-17T11:11:33.4782395Z;122
2024-05-17T11:11:33.6201160Z;138
2024-05-17T11:11:33.7646217Z;144
2024-05-17T11:11:33.8638834Z;98
2024-05-17T11:11:34.0156493Z;151
2024-05-17T11:11:34.1614362Z;145
2024-05-17T11:11:34.3229485Z;161
2024-05-17T11:11:34.4325906Z;109
2024-05-17T11:11:34.5915150Z;156
2024-05-17T11:11:34.7523162Z;159
2024-05-17T11:11:34.9478352Z;195
2024-05-17T11:11:35.1216250Z;172
2024-05-17T11:11:35.2989595Z;176
2024-05-17T11:11:35.4382451Z;138
2024-05-17T11:11:35.6118974Z;172
2024-05-17T11:11:35.7590100Z;145
2024-05-17T11:11:35.8975609Z;138
2024-05-17T11:11:36.0977779Z;200
2024-05-17T11:11:36.2349385Z;136
2024-05-17T11:11:36.3370554Z;101
2024-05-17T11:11:36.4396422Z;102
2024-05-17T11:11:36.5325498Z;92
2024-05-17T11:11:36.7363377Z;203
2024-05-17T11:11:36.9249567Z;188
2024-05-17T11:11:37.0885152Z;162
2024-05-17T11:11:37.2732685Z;184
2024-05-17T11:11:37.3978824Z;118
2024-05-17T11:11:37.5394744Z;141
2024-05-17T11:11:37.6776414Z;136
2024-05-17T11:11:37.8854233Z;207
2024-05-17T11:11:37.9885817Z;102
2024-05-17T11:11:38.1695096Z;180
2024-05-17T11:11:38.2942338Z;124
2024-05-17T11:11:38.4148800Z;120
2024-05-17T11:11:38.6046212Z;188
2024-05-17T11:11:38.7931392Z;188
2024-05-17T11:11:38.9877241Z;189
2024-05-17T11:11:39.1185892Z;130
2024-05-17T11:11:39.2182484Z;99
2024-05-17T11:11:39.4251203Z;206
2024-05-17T11:11:39.5925851Z;166
2024-05-17T11:11:39.7806058Z;187
2024-05-17T11:11:39.9453427Z;164
2024-05-17T11:11:40.0870522Z;141
2024-05-17T11:11:40.2461829Z;156
2024-05-17T11:11:40.4180734Z;170
2024-05-17T11:11:40.5728309Z;154
2024-05-17T11:11:40.6959477Z;122
2024-05-17T11:11:40.8631316Z;166
2024-05-17T11:11:41.0244678Z;160
2024-05-17T11:11:41.1559218Z;130
2024-05-17T11:11:41.3321340Z;175
2024-05-17T11:11:41.4885596Z;156
2024-05-17T11:11:41.5915676Z;102
2024-05-17T11:11:41.7420765Z;144
2024-05-17T11:11:41.8931536Z;148
2024-05-17T11:11:42.0171211Z;122
2024-05-17T11:11:42.1508135Z;132
2024-05-17T11:11:42.2870931Z;135
2024-05-17T11:11:42.4523676Z;163
2024-05-17T11:11:42.6072336Z;154
2024-05-17T11:11:42.7185868Z;110
2024-05-17T11:11:42.9138867Z;194
2024-05-17T11:11:43.0405137Z;126
2024-05-17T11:11:43.1772451Z;135
2024-05-17T11:11:43.3272942Z;149
2024-05-17T11:11:43.4874803Z;159
2024-05-17T11:11:43.6148258Z;126
2024-05-17T11:11:43.7917645Z;176
2024-05-17T11:11:43.9175411Z;124
2024-05-17T11:11:44.0718941Z;154
2024-05-17T11:11:44.2397828Z;167
2024-05-17T11:11:44.4038748Z;163
2024-05-17T11:11:44.5738713Z;168
2024-05-17T11:11:44.7053171Z;131
2024-05-17T11:11:44.8945433Z;188
2024-05-17T11:11:45.1055760Z;210
2024-05-17T11:11:45.2422027Z;136
2024-05-17T11:11:45.4246256Z;175
2024-05-17T11:11:45.6481998Z;222
2024-05-17T11:11:45.7818480Z;133
2024-05-17T11:11:45.9288077Z;146
2024-05-17T11:11:46.0653829Z;136
2024-05-17T11:11:46.2530426Z;187
2024-05-17T11:11:46.3312776Z;77
2024-05-17T11:11:46.5173852Z;185
2024-05-17T11:11:46.6837460Z;165
2024-05-17T11:11:46.7887130Z;97
2024-05-17T11:11:46.9881436Z;199
2024-05-17T11:11:47.1758875Z;187
2024-05-17T11:11:47.2478545Z;71
2024-05-17T11:11:47.4200615Z;171
2024-05-17T11:11:47.5459170Z;125
2024-05-17T11:11:47.7170825Z;168
2024-05-17T11:11:47.8684640Z;151
2024-05-17T11:11:48.0319877Z;163
2024-05-17T11:11:48.1688693Z;135
2024-05-17T11:11:48.3905312Z;221
2024-05-17T11:11:48.5846621Z;190
2024-05-17T11:11:48.7366860Z;151
2024-05-17T11:11:48.8948268Z;157
2024-05-17T11:11:49.0325983Z;135
2024-05-17T11:11:49.1952136Z;161
2024-05-17T11:11:49.3760105Z;180
2024-05-17T11:11:49.5401853Z;163
2024-05-17T11:11:49.6965618Z;156
2024-05-17T11:11:49.8992965Z;202
2024-05-17T11:11:50.0314285Z;131
2024-05-17T11:11:50.1470457Z;114
2024-05-17T11:11:50.3004002Z;152
2024-05-17T11:11:50.4486739Z;147
2024-05-17T11:11:50.5713610Z;122
2024-05-17T11:11:50.7306595Z;159
2024-05-17T11:11:50.9010778Z;170
2024-05-17T11:11:51.0575589Z;156
2024-05-17T11:11:51.2170749Z;159
2024-05-17T11:11:51.3845903Z;167
2024-05-17T11:11:51.5422253Z;156
2024-05-17T11:11:51.6719216Z;129
2024-05-17T11:11:51.8386310Z;166
2024-05-17T11:11:52.0081503Z;166
2024-05-17T11:11:52.1977706Z;189
2024-05-17T11:11:52.3759904Z;177
2024-05-17T11:11:52.5510650Z;174
2024-05-17T11:11:52.7315014Z;180
2024-05-17T11:11:52.9070664Z;175
2024-05-17T11:11:53.0775320Z;169
2024-05-17T11:11:53.2364976Z;158
2024-05-17T11:11:53.3783943Z;141
2024-05-17T11:11:53.5455395Z;166
2024-05-17T11:11:53.7032792Z;156
2024-05-17T11:11:53.8602607Z;156
2024-05-17T11:11:54.0153950Z;153
2024-05-17T11:11:54.1740723Z;158
2024-05-17T11:11:54.3019508Z;127
2024-05-17T11:11:54.4419025Z;139
2024-05-17T11:11:54.5607101Z;118
2024-05-17T11:11:54.6842395Z;121
2024-05-17T11:11:54.8584019Z;173
2024-05-17T11:11:54.9665603Z;106
2024-05-17T11:11:55.1475385Z;180
2024-05-17T11:11:55.2783119Z;130
2024-05-17T11:11:55.4380456Z;159
2024-05-17T11:11:55.5673963Z;128
2024-05-17T11:11:55.7017209Z;133
2024-05-17T11:11:55.8296169Z;127
2024-05-17T11:11:55.9704785Z;140
2024-05-17T11:11:56.0917871Z;121
2024-05-17T11:11:56.2380328Z;145
2024-05-17T11:11:56.3586664Z;120
2024-05-17T11:11:56.4961842Z;137
2024-05-17T11:11:56.6280266Z;131
2024-05-17T11:11:56.7061623Z;77
2024-05-17T11:11:56.8969667Z;138
2024-05-17T11:11:57.0678209Z;170
2024-05-17T11:11:57.1982725Z;130
2024-05-17T11:11:57.3623269Z;163
2024-05-17T11:11:57.4811661Z;118
2024-05-17T11:11:57.6562470Z;174
2024-05-17T11:11:57.8279645Z;171
2024-05-17T11:11:57.9258012Z;97
2024-05-17T11:11:58.0532589Z;127
2024-05-17T11:11:58.2165400Z;162
2024-05-17T11:11:58.3844938Z;167
2024-05-17T11:11:58.5219644Z;137
2024-05-17T11:11:58.6705177Z;148
2024-05-17T11:11:58.8226697Z;151
2024-05-17T11:11:58.9484098Z;125
2024-05-17T11:11:59.0578373Z;109
2024-05-17T11:11:59.1621632Z;104
2024-05-17T11:11:59.2990272Z;136
2024-05-17T11:11:59.4678572Z;163
2024-05-17T11:11:59.6182714Z;146
2024-05-17T11:11:59.7395385Z;120
2024-05-17T11:11:59.9626750Z;222
2024-05-17T11:12:00.1006978Z;137
2024-05-17T11:12:00.2540329Z;152
2024-05-17T11:12:00.3736002Z;119
2024-05-17T11:12:00.5033264Z;129
2024-05-17T11:12:00.6444004Z;140
2024-05-17T11:12:00.7925174Z;147
2024-05-17T11:12:00.9380328Z;144
2024-05-17T11:12:01.0780300Z;139
2024-05-17T11:12:01.2183938Z;137
2024-05-17T11:12:01.3446430Z;125
2024-05-17T11:12:01.5107729Z;165
2024-05-17T11:12:01.6475305Z;136
2024-05-17T11:12:01.7724836Z;124
2024-05-17T11:12:01.9082495Z;135
2024-05-17T11:12:02.0431987Z;134
2024-05-17T11:12:02.1771324Z;133
2024-05-17T11:12:02.3211490Z;143
2024-05-17T11:12:02.4765895Z;155
2024-05-17T11:12:02.5892481Z;112
2024-05-17T11:12:02.7337980Z;144
2024-05-17T11:12:02.8649161Z;130
2024-05-17T11:12:02.9821631Z;116
2024-05-17T11:12:03.1309074Z;148
2024-05-17T11:12:03.2977533Z;164
2024-05-17T11:12:03.4242192Z;124
2024-05-17T11:12:03.5493077Z;124
2024-05-17T11:12:03.6984851Z;148
2024-05-17T11:12:03.8379063Z;139
2024-05-17T11:12:03.9875947Z;149
2024-05-17T11:12:04.1535345Z;165
2024-05-17T11:12:04.4188390Z;264
2024-05-17T11:12:04.4940415Z;72
2024-05-17T11:12:04.6333383Z;138
2024-05-17T11:12:04.7462152Z;112
2024-05-17T11:12:04.9460142Z;199
2024-05-17T11:12:05.0584590Z;111
2024-05-17T11:12:05.2139361Z;155
2024-05-17T11:12:05.3301633Z;115
2024-05-17T11:12:05.5004232Z;169
2024-05-17T11:12:05.6648854Z;164
2024-05-17T11:12:05.8071628Z;141
2024-05-17T11:12:05.9350239Z;127
2024-05-17T11:12:06.0583527Z;122
2024-05-17T11:12:06.1913379Z;132
2024-05-17T11:12:06.3217733Z;130
2024-05-17T11:12:06.4670050Z;139
2024-05-17T11:12:06.6080009Z;140
2024-05-17T11:12:06.7582591Z;149
2024-05-17T11:12:06.9076939Z;148
2024-05-17T11:12:07.0586784Z;150
2024-05-17T11:12:07.1447734Z;85
2024-05-17T11:12:07.2891465Z;144
2024-05-17T11:12:07.4241554Z;134
2024-05-17T11:12:07.5403925Z;115
2024-05-17T11:12:07.6711767Z;129
2024-05-17T11:12:07.8497566Z;178
2024-05-17T11:12:07.9797252Z;129
2024-05-17T11:12:08.0962811Z;116
2024-05-17T11:12:08.2202246Z;123
2024-05-17T11:12:08.3906553Z;167
2024-05-17T11:12:08.5225240Z;130
2024-05-17T11:12:08.6369054Z;98
2024-05-17T11:12:08.8270463Z;189
2024-05-17T11:12:08.9805947Z;153
2024-05-17T11:12:09.1353888Z;147
2024-05-17T11:12:09.2620613Z;119
2024-05-17T11:12:09.3661002Z;103
2024-05-17T11:12:09.5250141Z;158
2024-05-17T11:12:09.6588773Z;133
2024-05-17T11:12:09.8087253Z;148
2024-05-17T11:12:09.9947316Z;185
2024-05-17T11:12:10.1116785Z;116
2024-05-17T11:12:10.2901748Z;177
2024-05-17T11:12:10.4138817Z;117
2024-05-17T11:12:10.5449750Z;130
2024-05-17T11:12:10.6785641Z;132
2024-05-17T11:12:10.8871275Z;208
2024-05-17T11:12:11.3412592Z;453
2024-05-17T11:12:11.6288105Z;286
2024-05-17T11:12:11.8046387Z;173
2024-05-17T11:12:11.9467661Z;140
2024-05-17T11:12:12.0446699Z;97
2024-05-17T11:12:12.1722276Z;127
2024-05-17T11:12:12.3012677Z;128
2024-05-17T11:12:12.4412783Z;139
2024-05-17T11:12:12.5822940Z;140
2024-05-17T11:12:12.7126094Z;128
2024-05-17T11:12:12.8347998Z;121
2024-05-17T11:12:12.9672025Z;132
2024-05-17T11:12:13.1148765Z;147
2024-05-17T11:12:13.3043531Z;189
2024-05-17T11:12:13.4345747Z;129
2024-05-17T11:12:13.5727028Z;137
2024-05-17T11:12:13.6553507Z;82
2024-05-17T11:12:13.7927444Z;136
2024-05-17T11:12:13.9186221Z;121
2024-05-17T11:12:14.0304303Z;111
2024-05-17T11:12:14.1843805Z;153
2024-05-17T11:12:14.3386877Z;153
2024-05-17T11:12:14.4703439Z;131
2024-05-17T11:12:14.6358333Z;164
2024-05-17T11:12:14.7787551Z;140
2024-05-17T11:12:14.9355815Z;156
2024-05-17T11:12:15.0886450Z;152
2024-05-17T11:12:15.2384413Z;149
2024-05-17T11:12:15.3557500Z;116
2024-05-17T11:12:15.4921562Z;135
2024-05-17T11:12:15.6534851Z;159
2024-05-17T11:12:15.7460624Z;91
2024-05-17T11:12:15.9032864Z;156
2024-05-17T11:12:16.0521871Z;148
2024-05-17T11:12:16.2035059Z;150
2024-05-17T11:12:16.3787939Z;174
2024-05-17T11:12:16.5367475Z;157
2024-05-17T11:12:16.6972602Z;158
2024-05-17T11:12:16.8493307Z;151
2024-05-17T11:12:17.0244090Z;174
2024-05-17T11:12:17.1563800Z;131
2024-05-17T11:12:17.3419737Z;185
2024-05-17T11:12:17.4992022Z;156
2024-05-17T11:12:17.6493757Z;148
2024-05-17T11:12:17.8063030Z;156
2024-05-17T11:12:17.9634040Z;155
2024-05-17T11:12:18.1307380Z;167
2024-05-17T11:12:18.2513532Z;120
2024-05-17T11:12:18.3731249Z;121
2024-05-17T11:12:18.5097126Z;135
2024-05-17T11:12:18.6771371Z;167
2024-05-17T11:12:18.7929628Z;115
2024-05-17T11:12:18.9278669Z;134
2024-05-17T11:12:19.0701346Z;141
2024-05-17T11:12:19.2178631Z;147
2024-05-17T11:12:19.3547219Z;136
2024-05-17T11:12:19.5167289Z;161
2024-05-17T11:12:19.6923145Z;175
2024-05-17T11:12:19.7839463Z;91
2024-05-17T11:12:19.9921177Z;206
2024-05-17T11:12:20.1699526Z;176
2024-05-17T11:12:20.3174892Z;146
2024-05-17T11:12:20.4261650Z;107
2024-05-17T11:12:20.5860300Z;159
2024-05-17T11:12:20.7388001Z;152
2024-05-17T11:12:20.8894058Z;149
2024-05-17T11:12:21.0055708Z;115
2024-05-17T11:12:21.1778839Z;172
2024-05-17T11:12:21.2948839Z;116
2024-05-17T11:12:21.4772041Z;182
2024-05-17T11:12:21.6758936Z;198
2024-05-17T11:12:21.8138366Z;137
2024-05-17T11:12:21.9423598Z;128
2024-05-17T11:12:22.0992400Z;156
2024-05-17T11:12:22.2133991Z;113
2024-05-17T11:12:22.3578072Z;144
2024-05-17T11:12:22.4728123Z;114
2024-05-17T11:12:22.6189322Z;145
2024-05-17T11:12:22.7485736Z;128
2024-05-17T11:12:22.9379992Z;188
2024-05-17T11:12:23.0504632Z;112
2024-05-17T11:12:23.2654896Z;214
2024-05-17T11:12:23.3973150Z;131
2024-05-17T11:12:23.5311510Z;133
2024-05-17T11:12:23.6782653Z;146
2024-05-17T11:12:23.7859561Z;107
2024-05-17T11:12:23.9479465Z;161
2024-05-17T11:12:24.1077892Z;159
2024-05-17T11:12:24.2746580Z;166
2024-05-17T11:12:24.4747595Z;199
2024-05-17T11:12:24.5963549Z;121
2024-05-17T11:12:24.7477078Z;149
2024-05-17T11:12:24.9527341Z;204
2024-05-17T11:12:25.0989490Z;145
2024-05-17T11:12:25.2348998Z;135
2024-05-17T11:12:25.3300787Z;94
2024-05-17T11:12:25.4677650Z;136
2024-05-17T11:12:25.6600527Z;191
2024-05-17T11:12:25.7545771Z;93
2024-05-17T11:12:25.9006077Z;145
2024-05-17T11:12:26.0495704Z;148
2024-05-17T11:12:26.2026263Z;149
2024-05-17T11:12:26.3205159Z;117
2024-05-17T11:12:26.4596363Z;138
2024-05-17T11:12:26.5864442Z;126
2024-05-17T11:12:26.7759490Z;189
2024-05-17T11:12:26.8692424Z;92
2024-05-17T11:12:26.9975063Z;127
2024-05-17T11:12:27.0979864Z;100
2024-05-17T11:12:27.2376199Z;139
2024-05-17T11:12:27.3498958Z;111
2024-05-17T11:12:27.4804648Z;130
2024-05-17T11:12:27.6671346Z;186
2024-05-17T11:12:27.7656503Z;98
2024-05-17T11:12:27.8559411Z;89
2024-05-17T11:12:27.9825147Z;126
2024-05-17T11:12:28.0772371Z;94
2024-05-17T11:12:28.1956077Z;117
2024-05-17T11:12:28.3033102Z;107
2024-05-17T11:12:28.4575219Z;153
2024-05-17T11:12:28.5786472Z;119
2024-05-17T11:12:28.7740357Z;194
2024-05-17T11:12:28.8853768Z;110
2024-05-17T11:12:29.0192371Z;133
2024-05-17T11:12:29.1650505Z;145
2024-05-17T11:12:29.3107606Z;145
2024-05-17T11:12:29.4322751Z;121
2024-05-17T11:12:29.5751759Z;142
2024-05-17T11:12:29.6959449Z;120
2024-05-17T11:12:29.8244131Z;127
2024-05-17T11:12:29.9698083Z;144
2024-05-17T11:12:30.1419106Z;171
2024-05-17T11:12:30.2813829Z;139
2024-05-17T11:12:30.4209797Z;139
2024-05-17T11:12:30.5942557Z;173
2024-05-17T11:12:30.7325902Z;138
2024-05-17T11:12:30.8574605Z;124
2024-05-17T11:12:30.9691686Z;111
2024-05-17T11:12:31.1510740Z;181
2024-05-17T11:12:31.2824884Z;131
2024-05-17T11:12:31.3773967Z;94
2024-05-17T11:12:31.5801734Z;202
2024-05-17T11:12:31.7331979Z;152
2024-05-17T11:12:31.8592667Z;125
2024-05-17T11:12:32.0187622Z;159
2024-05-17T11:12:32.2516722Z;232
2024-05-17T11:12:32.3701956Z;117
2024-05-17T11:12:32.5057442Z;135
2024-05-17T11:12:32.6589987Z;152
2024-05-17T11:12:32.7953007Z;134
2024-05-17T11:12:32.9462023Z;150
2024-05-17T11:12:33.0702843Z;123
2024-05-17T11:12:33.2461948Z;118
2024-05-17T11:12:33.3422223Z;95
2024-05-17T11:12:33.5186208Z;175
2024-05-17T11:12:33.6553089Z;136
2024-05-17T11:12:33.8028064Z;147
2024-05-17T11:12:33.9379601Z;133
2024-05-17T11:12:34.1284952Z;190
2024-05-17T11:12:34.2490386Z;120
2024-05-17T11:12:34.4530787Z;203
2024-05-17T11:12:34.5492463Z;95
2024-05-17T11:12:34.7093958Z;159
2024-05-17T11:12:34.7974782Z;87
2024-05-17T11:12:34.9784457Z;180
2024-05-17T11:12:35.1270696Z;146
2024-05-17T11:12:35.2531338Z;125
2024-05-17T11:12:35.4482295Z;193
2024-05-17T11:12:35.6296878Z;178
2024-05-17T11:12:35.7679090Z;137
2024-05-17T11:12:35.8589327Z;90
2024-05-17T11:12:35.9985809Z;139
2024-05-17T11:12:36.1329415Z;133
2024-05-17T11:12:36.3117270Z;174
2024-05-17T11:12:36.4822880Z;168
2024-05-17T11:12:36.6007472Z;117
2024-05-17T11:12:36.7507875Z;149
2024-05-17T11:12:36.9036018Z;152
2024-05-17T11:12:37.0561169Z;152
2024-05-17T11:12:37.2132709Z;148
2024-05-17T11:12:37.3293425Z;115
2024-05-17T11:12:37.5431460Z;213
2024-05-17T11:12:37.6362785Z;92
2024-05-17T11:12:37.7861575Z;149
2024-05-17T11:12:37.8895799Z;103
2024-05-17T11:12:37.9893395Z;99
2024-05-17T11:12:38.0841580Z;94
2024-05-17T11:12:38.2782980Z;193
2024-05-17T11:12:38.5655734Z;286
2024-05-17T11:12:38.7107392Z;144
2024-05-17T11:12:38.8420632Z;131
2024-05-17T11:12:39.0033781Z;161
2024-05-17T11:12:39.1545059Z;150
2024-05-17T11:12:39.2465715Z;91
2024-05-17T11:12:39.3772065Z;130
2024-05-17T11:12:39.5359713Z;158
2024-05-17T11:12:39.6823800Z;145
2024-05-17T11:12:39.7962642Z;113
2024-05-17T11:12:39.9450978Z;148
2024-05-17T11:12:40.1215260Z;175
2024-05-17T11:12:40.2972139Z;175
2024-05-17T11:12:40.4011135Z;103
2024-05-17T11:12:40.5330707Z;131
2024-05-17T11:12:40.6631542Z;129
2024-05-17T11:12:40.7886045Z;125
2024-05-17T11:12:40.9217845Z;132
2024-05-17T11:12:41.1008134Z;178
2024-05-17T11:12:41.2240068Z;122
2024-05-17T11:12:41.4284261Z;204
2024-05-17T11:12:41.5939758Z;165
2024-05-17T11:12:41.7754854Z;181
2024-05-17T11:12:41.9241577Z;148
2024-05-17T11:12:42.0601665Z;135
2024-05-17T11:12:42.2131621Z;148
2024-05-17T11:12:42.3635249Z;149
2024-05-17T11:12:42.4712792Z;107
2024-05-17T11:12:42.6073398Z;135
2024-05-17T11:12:42.7330576Z;125
2024-05-17T11:12:42.8929835Z;159
2024-05-17T11:12:42.9771652Z;83
2024-05-17T11:12:43.1216754Z;144
2024-05-17T11:12:43.2451669Z;123
2024-05-17T11:12:43.3911679Z;145
2024-05-17T11:12:43.5399909Z;148
2024-05-17T11:12:43.6852779Z;144
2024-05-17T11:12:43.8147883Z;129
2024-05-17T11:12:43.9128872Z;96
2024-05-17T11:12:44.0509976Z;137
2024-05-17T11:12:44.2461179Z;194
2024-05-17T11:12:44.4412087Z;194
2024-05-17T11:12:44.5406775Z;99
2024-05-17T11:12:44.6736979Z;132
2024-05-17T11:12:44.8285739Z;154
2024-05-17T11:12:45.0059280Z;176
2024-05-17T11:12:45.1574471Z;151
2024-05-17T11:12:45.2998615Z;142
2024-05-17T11:12:45.4705056Z;170
2024-05-17T11:12:45.6442260Z;173
2024-05-17T11:12:45.7834380Z;138
2024-05-17T11:12:45.9693633Z;185
2024-05-17T11:12:46.1035291Z;133
2024-05-17T11:12:46.2637403Z;157
2024-05-17T11:12:46.4133825Z;149
2024-05-17T11:12:46.5630618Z;149
2024-05-17T11:12:46.7265184Z;163
2024-05-17T11:12:46.8125916Z;78
2024-05-17T11:12:46.9811211Z;168
2024-05-17T11:12:47.1359733Z;154
2024-05-17T11:12:47.2763410Z;140
2024-05-17T11:12:47.4593617Z;180
2024-05-17T11:12:47.5936910Z;133
2024-05-17T11:12:47.7564615Z;162
2024-05-17T11:12:47.9088576Z;151
2024-05-17T11:12:48.0562469Z;146
2024-05-17T11:12:48.2262261Z;169
2024-05-17T11:12:48.3918632Z;164
