2024-05-09T13:03:45.3127701Z;157
2024-05-09T13:03:45.4146802Z;101
2024-05-09T13:03:45.5658160Z;142
2024-05-09T13:03:45.6771624Z;111
2024-05-09T13:03:45.7746364Z;97
2024-05-09T13:03:45.9174555Z;131
2024-05-09T13:03:46.0453290Z;127
2024-05-09T13:03:46.1545912Z;106
2024-05-09T13:03:46.3073776Z;152
2024-05-09T13:03:46.4242249Z;109
2024-05-09T13:03:46.5475752Z;122
2024-05-09T13:03:46.7054381Z;157
2024-05-09T13:03:46.8580578Z;152
2024-05-09T13:03:47.0465391Z;188
2024-05-09T13:03:47.1745305Z;127
2024-05-09T13:03:47.3427399Z;167
2024-05-09T13:03:47.4687931Z;125
2024-05-09T13:03:47.6074193Z;137
2024-05-09T13:03:47.7308272Z;123
2024-05-09T13:03:47.8686336Z;137
2024-05-09T13:03:48.0186077Z;148
2024-05-09T13:03:48.1576376Z;138
2024-05-09T13:03:48.3136368Z;155
2024-05-09T13:03:48.4601993Z;146
2024-05-09T13:03:48.5898071Z;129
2024-05-09T13:03:48.7284831Z;137
2024-05-09T13:03:48.8955679Z;165
2024-05-09T13:03:49.0214371Z;125
2024-05-09T13:03:49.1626622Z;140
2024-05-09T13:03:49.2937541Z;130
2024-05-09T13:03:49.4590736Z;164
2024-05-09T13:03:49.6080247Z;148
2024-05-09T13:03:49.7448678Z;135
2024-05-09T13:03:49.9190860Z;173
2024-05-09T13:03:50.0817252Z;162
2024-05-09T13:03:50.2548408Z;172
2024-05-09T13:03:50.4086836Z;153
2024-05-09T13:03:50.5370725Z;128
2024-05-09T13:03:50.7421454Z;141
2024-05-09T13:03:50.8673791Z;124
2024-05-09T13:03:51.0120889Z;142
2024-05-09T13:03:51.1778693Z;165
2024-05-09T13:03:51.3480876Z;168
2024-05-09T13:03:51.5221243Z;173
2024-05-09T13:03:51.6767465Z;154
2024-05-09T13:03:51.8264354Z;149
2024-05-09T13:03:51.9782050Z;151
2024-05-09T13:03:52.2110805Z;232
2024-05-09T13:03:52.3356195Z;124
2024-05-09T13:03:52.4741295Z;138
2024-05-09T13:03:52.6027185Z;128
2024-05-09T13:03:52.7322746Z;129
2024-05-09T13:03:52.8413467Z;108
2024-05-09T13:03:52.9859021Z;144
2024-05-09T13:03:53.1673869Z;181
2024-05-09T13:03:53.3270165Z;158
2024-05-09T13:03:53.4968200Z;169
2024-05-09T13:03:53.6933632Z;196
2024-05-09T13:03:53.8412503Z;147
2024-05-09T13:03:54.0010442Z;154
2024-05-09T13:03:54.1320191Z;130
2024-05-09T13:03:54.3018296Z;169
2024-05-09T13:03:54.4357073Z;133
2024-05-09T13:03:54.5807815Z;100
2024-05-09T13:03:54.7623318Z;181
2024-05-09T13:03:54.9117909Z;149
2024-05-09T13:03:55.0884238Z;176
2024-05-09T13:03:55.2916145Z;202
2024-05-09T13:03:55.4445150Z;152
2024-05-09T13:03:55.7318675Z;286
2024-05-09T13:03:55.9398035Z;207
2024-05-09T13:03:56.0814902Z;141
2024-05-09T13:03:56.1853141Z;103
2024-05-09T13:03:56.5697306Z;384
2024-05-09T13:03:56.6394869Z;69
2024-05-09T13:03:56.9003597Z;260
2024-05-09T13:03:57.0057807Z;105
2024-05-09T13:03:57.2332419Z;227
2024-05-09T13:03:57.3062095Z;72
2024-05-09T13:03:57.5350558Z;228
2024-05-09T13:03:57.6533907Z;117
2024-05-09T13:03:57.8867451Z;231
2024-05-09T13:03:57.9855352Z;98
2024-05-09T13:03:58.1534174Z;167
2024-05-09T13:03:58.3132969Z;159
2024-05-09T13:03:58.4886541Z;174
2024-05-09T13:03:58.5871646Z;98
2024-05-09T13:03:58.7628454Z;175
2024-05-09T13:03:58.9233792Z;160
2024-05-09T13:03:59.0712778Z;147
2024-05-09T13:03:59.1972768Z;125
2024-05-09T13:03:59.3030963Z;105
2024-05-09T13:03:59.4828773Z;179
2024-05-09T13:03:59.5731539Z;89
2024-05-09T13:03:59.7466885Z;173
2024-05-09T13:03:59.9165542Z;169
2024-05-09T13:04:00.0560776Z;138
2024-05-09T13:04:00.2111540Z;154
2024-05-09T13:04:00.4155784Z;204
2024-05-09T13:04:00.5664409Z;150
2024-05-09T13:04:00.6941260Z;126
2024-05-09T13:04:00.8324327Z;137
2024-05-09T13:04:01.0060500Z;172
2024-05-09T13:04:01.2713536Z;263
2024-05-09T13:04:01.3801001Z;108
2024-05-09T13:04:01.4955868Z;113
2024-05-09T13:04:01.6725160Z;176
2024-05-09T13:04:01.8706923Z;197
2024-05-09T13:04:02.0438845Z;172
2024-05-09T13:04:02.2722956Z;227
2024-05-09T13:04:02.4184759Z;145
2024-05-09T13:04:02.5669614Z;148
2024-05-09T13:04:02.7986130Z;231
2024-05-09T13:04:02.9162232Z;117
2024-05-09T13:04:03.1057672Z;189
2024-05-09T13:04:03.2741342Z;168
2024-05-09T13:04:03.4356263Z;161
2024-05-09T13:04:03.5967963Z;160
2024-05-09T13:04:03.7550218Z;157
2024-05-09T13:04:03.9128064Z;157
2024-05-09T13:04:04.0641792Z;150
2024-05-09T13:04:04.2337967Z;169
2024-05-09T13:04:04.4001456Z;165
2024-05-09T13:04:04.5506858Z;150
2024-05-09T13:04:04.7933002Z;242
2024-05-09T13:04:04.9470420Z;153
2024-05-09T13:04:05.0883650Z;141
2024-05-09T13:04:05.2442949Z;155
2024-05-09T13:04:05.3804246Z;135
2024-05-09T13:04:05.5931787Z;212
2024-05-09T13:04:05.7124747Z;117
2024-05-09T13:04:05.9211171Z;208
2024-05-09T13:04:06.0504211Z;129
2024-05-09T13:04:06.2487005Z;197
2024-05-09T13:04:06.4026798Z;153
2024-05-09T13:04:06.5452234Z;142
2024-05-09T13:04:06.7584628Z;212
2024-05-09T13:04:06.9053556Z;146
2024-05-09T13:04:07.0677328Z;161
2024-05-09T13:04:07.1932586Z;125
2024-05-09T13:04:07.3394760Z;145
2024-05-09T13:04:07.4940552Z;154
2024-05-09T13:04:07.6885689Z;194
2024-05-09T13:04:07.8210383Z;132
2024-05-09T13:04:07.9628991Z;141
2024-05-09T13:04:08.1058269Z;142
2024-05-09T13:04:08.2789679Z;172
2024-05-09T13:04:08.4435873Z;164
2024-05-09T13:04:08.5981580Z;154
2024-05-09T13:04:08.7499148Z;151
2024-05-09T13:04:08.9561617Z;205
2024-05-09T13:04:09.1074943Z;151
2024-05-09T13:04:09.2805120Z;172
2024-05-09T13:04:09.4267829Z;145
2024-05-09T13:04:09.5938056Z;166
2024-05-09T13:04:09.7741183Z;179
2024-05-09T13:04:09.9491552Z;174
2024-05-09T13:04:10.1270188Z;177
2024-05-09T13:04:10.2591279Z;131
2024-05-09T13:04:10.4113892Z;151
2024-05-09T13:04:10.5972170Z;185
2024-05-09T13:04:10.8152238Z;217
2024-05-09T13:04:10.9566288Z;141
2024-05-09T13:04:11.1435020Z;186
2024-05-09T13:04:11.2708586Z;126
2024-05-09T13:04:11.4550748Z;183
2024-05-09T13:04:11.5572292Z;101
2024-05-09T13:04:11.6906139Z;125
2024-05-09T13:04:11.8517691Z;160
2024-05-09T13:04:12.0878791Z;235
2024-05-09T13:04:12.2870048Z;198
2024-05-09T13:04:12.4451186Z;157
2024-05-09T13:04:12.6077035Z;162
2024-05-09T13:04:12.7858285Z;173
2024-05-09T13:04:12.9542440Z;167
2024-05-09T13:04:13.2407672Z;286
2024-05-09T13:04:13.5232656Z;282
2024-05-09T13:04:13.6693660Z;145
2024-05-09T13:04:13.8407624Z;170
2024-05-09T13:04:13.9889124Z;147
2024-05-09T13:04:14.1187201Z;129
2024-05-09T13:04:14.2962207Z;177
2024-05-09T13:04:14.4326669Z;135
2024-05-09T13:04:14.5813381Z;148
2024-05-09T13:04:14.7876495Z;205
2024-05-09T13:04:14.8972208Z;107
2024-05-09T13:04:15.1035751Z;205
2024-05-09T13:04:15.2557655Z;151
2024-05-09T13:04:15.3857852Z;129
2024-05-09T13:04:15.5513606Z;165
2024-05-09T13:04:15.6578984Z;106
2024-05-09T13:04:15.8352384Z;176
2024-05-09T13:04:15.9829300Z;147
2024-05-09T13:04:16.1256728Z;142
2024-05-09T13:04:16.2752223Z;149
2024-05-09T13:04:16.4144971Z;138
2024-05-09T13:04:16.5303956Z;115
2024-05-09T13:04:16.6682811Z;137
2024-05-09T13:04:16.8413371Z;172
2024-05-09T13:04:16.9799920Z;138
2024-05-09T13:04:17.1237059Z;143
2024-05-09T13:04:17.2932858Z;169
2024-05-09T13:04:17.4597209Z;166
2024-05-09T13:04:17.5976125Z;137
2024-05-09T13:04:17.7352638Z;137
2024-05-09T13:04:17.8777650Z;142
2024-05-09T13:04:18.0345937Z;156
2024-05-09T13:04:18.1886504Z;153
2024-05-09T13:04:18.3522811Z;163
2024-05-09T13:04:18.5518274Z;199
2024-05-09T13:04:18.6513583Z;99
2024-05-09T13:04:18.7920757Z;140
2024-05-09T13:04:18.9959227Z;203
2024-05-09T13:04:19.1006836Z;104
2024-05-09T13:04:19.2770111Z;175
2024-05-09T13:04:19.3474720Z;70
2024-05-09T13:04:19.5270180Z;179
2024-05-09T13:04:19.7060030Z;178
2024-05-09T13:04:19.8419526Z;134
2024-05-09T13:04:20.0028803Z;160
2024-05-09T13:04:20.1565871Z;153
2024-05-09T13:04:20.2955616Z;138
2024-05-09T13:04:20.4140377Z;118
2024-05-09T13:04:20.5580138Z;143
2024-05-09T13:04:20.7129281Z;154
2024-05-09T13:04:20.9216361Z;197
2024-05-09T13:04:21.0458218Z;123
2024-05-09T13:04:21.2258825Z;179
2024-05-09T13:04:21.3434802Z;117
2024-05-09T13:04:21.4846710Z;140
2024-05-09T13:04:21.6342512Z;149
2024-05-09T13:04:21.7547430Z;120
2024-05-09T13:04:21.8644248Z;109
2024-05-09T13:04:22.0043263Z;139
2024-05-09T13:04:22.1702123Z;165
2024-05-09T13:04:22.4187933Z;248
2024-05-09T13:04:22.5418306Z;122
2024-05-09T13:04:22.6635902Z;121
2024-05-09T13:04:22.7965215Z;132
2024-05-09T13:04:22.9446317Z;147
2024-05-09T13:04:23.1652928Z;220
2024-05-09T13:04:23.3308478Z;165
2024-05-09T13:04:23.4748075Z;143
2024-05-09T13:04:23.5837720Z;108
2024-05-09T13:04:23.7347329Z;150
2024-05-09T13:04:23.9229761Z;187
2024-05-09T13:04:24.0896718Z;165
2024-05-09T13:04:24.2467593Z;156
2024-05-09T13:04:24.4251431Z;178
2024-05-09T13:04:24.5398753Z;114
2024-05-09T13:04:24.7260834Z;185
2024-05-09T13:04:24.8490241Z;122
2024-05-09T13:04:25.0117013Z;162
2024-05-09T13:04:25.1818175Z;169
2024-05-09T13:04:25.3309460Z;148
2024-05-09T13:04:25.5129245Z;181
2024-05-09T13:04:25.6541524Z;140
2024-05-09T13:04:25.8002522Z;145
2024-05-09T13:04:25.9294613Z;116
2024-05-09T13:04:26.0698778Z;139
2024-05-09T13:04:26.2187961Z;148
2024-05-09T13:04:26.3667079Z;147
2024-05-09T13:04:26.5213105Z;154
2024-05-09T13:04:26.6722003Z;150
2024-05-09T13:04:26.9053020Z;232
2024-05-09T13:04:27.0588156Z;153
2024-05-09T13:04:27.2087877Z;149
2024-05-09T13:04:27.3401535Z;130
2024-05-09T13:04:27.5179488Z;176
2024-05-09T13:04:27.6692036Z;150
2024-05-09T13:04:27.8310200Z;161
2024-05-09T13:04:28.0046719Z;173
2024-05-09T13:04:28.1480974Z;143
2024-05-09T13:04:28.2908628Z;142
2024-05-09T13:04:28.4573182Z;165
2024-05-09T13:04:28.6405030Z;182
2024-05-09T13:04:28.7866473Z;145
2024-05-09T13:04:28.9596855Z;172
2024-05-09T13:04:29.0638133Z;103
2024-05-09T13:04:29.2438126Z;179
2024-05-09T13:04:29.3846040Z;140
2024-05-09T13:04:29.5579396Z;172
2024-05-09T13:04:29.6907179Z;132
2024-05-09T13:04:29.8709784Z;179
2024-05-09T13:04:29.9850525Z;113
2024-05-09T13:04:30.1302738Z;144
2024-05-09T13:04:30.2791616Z;148
2024-05-09T13:04:30.4319993Z;152
2024-05-09T13:04:30.5864900Z;154
2024-05-09T13:04:30.7326519Z;145
2024-05-09T13:04:30.9003185Z;167
2024-05-09T13:04:31.0643558Z;163
2024-05-09T13:04:31.1965914Z;131
2024-05-09T13:04:31.3015616Z;104
2024-05-09T13:04:31.5121127Z;210
2024-05-09T13:04:31.6302337Z;117
2024-05-09T13:04:31.8201759Z;189
2024-05-09T13:04:31.9768347Z;156
2024-05-09T13:04:32.0763000Z;98
2024-05-09T13:04:32.2710069Z;194
2024-05-09T13:04:32.4143829Z;142
2024-05-09T13:04:32.5790304Z;164
2024-05-09T13:04:32.7624243Z;183
2024-05-09T13:04:32.9141767Z;151
2024-05-09T13:04:33.1308069Z;216
2024-05-09T13:04:33.3032838Z;172
2024-05-09T13:04:33.4516881Z;148
2024-05-09T13:04:33.5919043Z;139
2024-05-09T13:04:33.7594550Z;167
2024-05-09T13:04:33.8971783Z;137
2024-05-09T13:04:34.0462853Z;148
2024-05-09T13:04:34.2517637Z;205
2024-05-09T13:04:34.3795959Z;127
2024-05-09T13:04:34.5239330Z;143
2024-05-09T13:04:34.6971381Z;172
2024-05-09T13:04:34.8366799Z;139
2024-05-09T13:04:34.9903820Z;153
2024-05-09T13:04:35.1688176Z;178
2024-05-09T13:04:35.3224779Z;153
2024-05-09T13:04:35.4584794Z;134
2024-05-09T13:04:35.6120927Z;152
2024-05-09T13:04:35.7768056Z;164
2024-05-09T13:04:35.9172273Z;140
2024-05-09T13:04:36.0953432Z;177
2024-05-09T13:04:36.2391476Z;143
2024-05-09T13:04:36.3950425Z;155
2024-05-09T13:04:36.5491570Z;153
2024-05-09T13:04:36.6986846Z;149
2024-05-09T13:04:36.8589390Z;159
2024-05-09T13:04:37.0395171Z;180
2024-05-09T13:04:37.1817438Z;141
2024-05-09T13:04:37.3413598Z;159
2024-05-09T13:04:37.4816674Z;140
2024-05-09T13:04:37.6217958Z;139
2024-05-09T13:04:37.7956774Z;173
2024-05-09T13:04:37.9287969Z;132
2024-05-09T13:04:38.1006537Z;171
2024-05-09T13:04:38.2414547Z;140
2024-05-09T13:04:38.4031359Z;161
2024-05-09T13:04:38.5354183Z;131
2024-05-09T13:04:38.6715859Z;135
2024-05-09T13:04:38.8345786Z;162
2024-05-09T13:04:39.0280237Z;193
2024-05-09T13:04:39.2117318Z;182
2024-05-09T13:04:39.3875131Z;175
2024-05-09T13:04:39.5253191Z;137
2024-05-09T13:04:39.6866914Z;161
2024-05-09T13:04:39.8429802Z;155
2024-05-09T13:04:39.9912695Z;147
2024-05-09T13:04:40.1101159Z;118
2024-05-09T13:04:40.3219606Z;211
2024-05-09T13:04:40.4446247Z;122
2024-05-09T13:04:40.6164442Z;171
2024-05-09T13:04:40.7304195Z;113
2024-05-09T13:04:40.9505311Z;219
2024-05-09T13:04:41.1040578Z;152
2024-05-09T13:04:41.2611378Z;156
2024-05-09T13:04:41.4368032Z;174
2024-05-09T13:04:41.5882867Z;151
2024-05-09T13:04:41.7285016Z;139
2024-05-09T13:04:41.9634427Z;234
2024-05-09T13:04:42.0506630Z;82
2024-05-09T13:04:42.2306006Z;179
2024-05-09T13:04:42.4034320Z;172
2024-05-09T13:04:42.6037065Z;199
2024-05-09T13:04:42.7603915Z;156
2024-05-09T13:04:42.9134444Z;152
2024-05-09T13:04:43.0704832Z;156
2024-05-09T13:04:43.2393257Z;168
2024-05-09T13:04:43.3922511Z;152
2024-05-09T13:04:43.5316053Z;139
2024-05-09T13:04:43.7977766Z;264
2024-05-09T13:04:44.0850029Z;283
2024-05-09T13:04:44.2645957Z;179
2024-05-09T13:04:44.4023810Z;137
2024-05-09T13:04:44.5510021Z;147
2024-05-09T13:04:44.7334219Z;182
2024-05-09T13:04:44.8812906Z;147
2024-05-09T13:04:45.0807390Z;198
2024-05-09T13:04:45.2095298Z;128
2024-05-09T13:04:45.3843915Z;174
2024-05-09T13:04:45.5432699Z;158
2024-05-09T13:04:45.6936034Z;149
2024-05-09T13:04:45.8285422Z;134
2024-05-09T13:04:45.9887259Z;159
2024-05-09T13:04:46.1372716Z;147
2024-05-09T13:04:46.2944796Z;156
2024-05-09T13:04:46.4789767Z;184
2024-05-09T13:04:46.6019930Z;122
2024-05-09T13:04:46.7718609Z;169
2024-05-09T13:04:46.9332428Z;161
2024-05-09T13:04:47.0809886Z;147
2024-05-09T13:04:47.2526491Z;171
2024-05-09T13:04:47.4138351Z;160
2024-05-09T13:04:47.5736873Z;159
2024-05-09T13:04:47.7315224Z;102
2024-05-09T13:04:47.9374686Z;205
2024-05-09T13:04:48.0693208Z;131
2024-05-09T13:04:48.2708989Z;201
2024-05-09T13:04:48.4254966Z;154
2024-05-09T13:04:48.5633112Z;137
2024-05-09T13:04:48.7276670Z;163
2024-05-09T13:04:48.9030012Z;174
2024-05-09T13:04:49.0473144Z;143
2024-05-09T13:04:49.2185412Z;170
2024-05-09T13:04:49.3603510Z;141
2024-05-09T13:04:49.5145512Z;153
2024-05-09T13:04:49.6675209Z;152
2024-05-09T13:04:49.8213770Z;153
2024-05-09T13:04:49.9820992Z;160
2024-05-09T13:04:50.1293187Z;146
2024-05-09T13:04:50.2890649Z;159
2024-05-09T13:04:50.4562081Z;166
2024-05-09T13:04:50.5922523Z;135
2024-05-09T13:04:50.7490462Z;156
2024-05-09T13:04:50.8793888Z;130
2024-05-09T13:04:51.0773636Z;197
2024-05-09T13:04:51.2261923Z;148
2024-05-09T13:04:51.4359305Z;198
2024-05-09T13:04:51.6278099Z;191
2024-05-09T13:04:51.7060593Z;77
2024-05-09T13:04:51.8824765Z;176
2024-05-09T13:04:52.0622195Z;179
2024-05-09T13:04:52.2453273Z;182
2024-05-09T13:04:52.3916016Z;145
2024-05-09T13:04:52.5748081Z;182
2024-05-09T13:04:52.7261324Z;150
2024-05-09T13:04:52.8487531Z;122
2024-05-09T13:04:52.9879769Z;138
2024-05-09T13:04:53.2612641Z;175
2024-05-09T13:04:53.4004413Z;138
2024-05-09T13:04:53.5742425Z;173
2024-05-09T13:04:53.7947070Z;178
2024-05-09T13:04:53.9370303Z;138
2024-05-09T13:04:54.1237955Z;184
2024-05-09T13:04:54.4585462Z;333
2024-05-09T13:04:54.5926754Z;132
2024-05-09T13:04:54.8653694Z;272
2024-05-09T13:04:54.9982244Z;132
2024-05-09T13:04:55.1684643Z;169
2024-05-09T13:04:55.3775757Z;208
2024-05-09T13:04:55.6402212Z;262
2024-05-09T13:04:55.7167035Z;76
2024-05-09T13:04:55.9147563Z;197
2024-05-09T13:04:56.1365438Z;220
2024-05-09T13:04:56.2886874Z;151
2024-05-09T13:04:56.7896125Z;499
2024-05-09T13:04:56.8805227Z;86
2024-05-09T13:04:57.0367490Z;155
2024-05-09T13:04:57.2328202Z;195
2024-05-09T13:04:57.3554223Z;108
2024-05-09T13:04:57.5172624Z;160
2024-05-09T13:04:57.6618755Z;144
2024-05-09T13:04:57.8478436Z;177
2024-05-09T13:04:58.0584854Z;210
2024-05-09T13:04:58.2360427Z;177
2024-05-09T13:04:58.4205466Z;182
2024-05-09T13:04:58.5660564Z;145
2024-05-09T13:04:58.7121784Z;145
2024-05-09T13:04:58.8651107Z;152
2024-05-09T13:04:59.0131971Z;147
2024-05-09T13:04:59.1875033Z;173
2024-05-09T13:04:59.3679053Z;180
2024-05-09T13:04:59.5658922Z;197
2024-05-09T13:04:59.6934028Z;127
2024-05-09T13:04:59.8465649Z;152
2024-05-09T13:04:59.9883494Z;138
2024-05-09T13:05:00.2102406Z;219
2024-05-09T13:05:00.3585456Z;147
2024-05-09T13:05:00.5025379Z;143
2024-05-09T13:05:00.6869049Z;183
2024-05-09T13:05:00.8391787Z;152
2024-05-09T13:05:01.0229343Z;183
2024-05-09T13:05:01.1549678Z;131
2024-05-09T13:05:01.2945867Z;139
2024-05-09T13:05:01.4816546Z;186
2024-05-09T13:05:01.6525576Z;170
2024-05-09T13:05:01.8146362Z;160
2024-05-09T13:05:01.9951871Z;180
2024-05-09T13:05:02.1365689Z;141
2024-05-09T13:05:02.3102861Z;173
2024-05-09T13:05:02.4547202Z;144
2024-05-09T13:05:02.6933840Z;238
2024-05-09T13:05:02.8812884Z;187
2024-05-09T13:05:03.1370079Z;255
2024-05-09T13:05:03.3411526Z;203
2024-05-09T13:05:03.5102605Z;168
2024-05-09T13:05:12.7541942Z;185
2024-05-09T13:05:12.9292266Z;174
2024-05-09T13:05:13.1363557Z;206
2024-05-09T13:05:13.2728768Z;136
2024-05-09T13:05:13.4085265Z;135
2024-05-09T13:05:13.5447684Z;135
2024-05-09T13:05:13.6703237Z;125
2024-05-09T13:05:13.8450465Z;174
2024-05-09T13:05:13.9602157Z;114
2024-05-09T13:05:14.1145018Z;154
2024-05-09T13:05:14.2808459Z;166
2024-05-09T13:05:14.4573380Z;176
2024-05-09T13:05:14.5795018Z;121
2024-05-09T13:05:14.7818402Z;201
2024-05-09T13:05:14.9833178Z;200
2024-05-09T13:05:15.2133446Z;229
2024-05-09T13:05:15.4323525Z;218
2024-05-09T13:05:15.5749353Z;142
2024-05-09T13:05:15.7240264Z;148
2024-05-09T13:05:15.8702266Z;145
2024-05-09T13:05:16.0027238Z;131
2024-05-09T13:05:16.1472038Z;144
2024-05-09T13:05:16.2885106Z;136
2024-05-09T13:05:16.4369835Z;148
2024-05-09T13:05:16.5756869Z;136
2024-05-09T13:05:16.7125037Z;136
2024-05-09T13:05:16.8498513Z;136
2024-05-09T13:05:17.0017657Z;151
2024-05-09T13:05:17.1901520Z;187
2024-05-09T13:05:17.3459506Z;155
2024-05-09T13:05:17.4964367Z;150
2024-05-09T13:05:17.6538010Z;156
2024-05-09T13:05:17.8370476Z;182
2024-05-09T13:05:17.9631875Z;125
2024-05-09T13:05:18.1211814Z;157
2024-05-09T13:05:18.2962936Z;174
2024-05-09T13:05:18.4606429Z;164
2024-05-09T13:05:18.5855096Z;124
2024-05-09T13:05:18.7739109Z;188
2024-05-09T13:05:18.9747659Z;200
2024-05-09T13:05:19.1353956Z;160
2024-05-09T13:05:19.2772416Z;141
2024-05-09T13:05:19.4204244Z;142
2024-05-09T13:05:19.5853944Z;164
2024-05-09T13:05:19.7263284Z;140
2024-05-09T13:05:19.8568038Z;130
2024-05-09T13:05:19.9946012Z;137
2024-05-09T13:05:20.3880603Z;393
2024-05-09T13:05:20.5241338Z;135
2024-05-09T13:05:20.6768654Z;152
2024-05-09T13:05:20.8382526Z;147
2024-05-09T13:05:20.9542686Z;115
2024-05-09T13:05:21.1223227Z;167
2024-05-09T13:05:21.2752442Z;152
2024-05-09T13:05:21.4177787Z;142
2024-05-09T13:05:21.5608690Z;142
2024-05-09T13:05:21.6849367Z;123
2024-05-09T13:05:21.7894777Z;84
2024-05-09T13:05:21.9473486Z;157
2024-05-09T13:05:22.1229297Z;175
2024-05-09T13:05:22.2584339Z;135
2024-05-09T13:05:22.4224566Z;163
2024-05-09T13:05:22.5583028Z;135
2024-05-09T13:05:22.7310088Z;172
2024-05-09T13:05:22.8464329Z;115
2024-05-09T13:05:23.0343641Z;187
2024-05-09T13:05:23.2131241Z;177
2024-05-09T13:05:23.3527017Z;139
2024-05-09T13:05:23.5433732Z;190
2024-05-09T13:05:23.6895996Z;145
2024-05-09T13:05:23.8372808Z;147
2024-05-09T13:05:24.0021948Z;164
2024-05-09T13:05:24.1644866Z;161
2024-05-09T13:05:24.2464846Z;81
2024-05-09T13:05:24.4324203Z;185
2024-05-09T13:05:24.5708004Z;137
2024-05-09T13:05:24.7472441Z;176
2024-05-09T13:05:24.9000336Z;152
2024-05-09T13:05:25.0514119Z;151
2024-05-09T13:05:25.2127488Z;161
2024-05-09T13:05:25.4126955Z;199
2024-05-09T13:05:25.5471698Z;134
2024-05-09T13:05:25.7034879Z;155
2024-05-09T13:05:25.8553949Z;151
2024-05-09T13:05:25.9739693Z;118
2024-05-09T13:05:26.1277910Z;153
2024-05-09T13:05:26.2765396Z;148
2024-05-09T13:05:26.4596152Z;182
2024-05-09T13:05:26.5757360Z;115
2024-05-09T13:05:26.8035601Z;227
2024-05-09T13:05:26.9616949Z;157
2024-05-09T13:05:27.1576595Z;195
2024-05-09T13:05:27.3103337Z;152
2024-05-09T13:05:27.4177740Z;107
2024-05-09T13:05:27.5548465Z;136
2024-05-09T13:05:27.7122695Z;157
2024-05-09T13:05:27.8570515Z;144
2024-05-09T13:05:28.0363868Z;178
2024-05-09T13:05:28.2210971Z;184
2024-05-09T13:05:28.3776316Z;156
2024-05-09T13:05:28.5504945Z;172
2024-05-09T13:05:28.6966621Z;145
2024-05-09T13:05:28.8041161Z;106
2024-05-09T13:05:28.9591748Z;154
2024-05-09T13:05:29.1642071Z;167
2024-05-09T13:05:29.2897243Z;123
2024-05-09T13:05:29.4390415Z;142
2024-05-09T13:05:29.6102793Z;170
2024-05-09T13:05:29.7486340Z;138
2024-05-09T13:05:29.8915169Z;142
2024-05-09T13:05:30.0254316Z;133
2024-05-09T13:05:30.1637384Z;137
2024-05-09T13:05:30.3250280Z;160
2024-05-09T13:05:30.4704995Z;144
2024-05-09T13:05:30.6223017Z;151
2024-05-09T13:05:30.7690213Z;146
2024-05-09T13:05:30.9820076Z;212
2024-05-09T13:05:31.0997876Z;117
2024-05-09T13:05:31.2477188Z;147
2024-05-09T13:05:31.3921273Z;144
2024-05-09T13:05:31.5333644Z;140
2024-05-09T13:05:31.6786120Z;144
2024-05-09T13:05:31.8048157Z;125
2024-05-09T13:05:31.9616865Z;156
2024-05-09T13:05:32.0982489Z;134
2024-05-09T13:05:32.2721000Z;172
2024-05-09T13:05:32.4129062Z;140
2024-05-09T13:05:32.6086814Z;192
2024-05-09T13:05:32.7693298Z;160
2024-05-09T13:05:32.8835392Z;113
2024-05-09T13:05:33.0590714Z;170
2024-05-09T13:05:33.2172971Z;157
2024-05-09T13:05:33.3449585Z;127
2024-05-09T13:05:33.5033713Z;158
2024-05-09T13:05:33.6534629Z;148
2024-05-09T13:05:33.8182056Z;164
2024-05-09T13:05:33.9818273Z;163
2024-05-09T13:05:34.1852026Z;203
2024-05-09T13:05:34.3395171Z;153
2024-05-09T13:05:34.4828046Z;142
2024-05-09T13:05:34.6727396Z;189
2024-05-09T13:05:34.8457592Z;149
2024-05-09T13:05:34.9897471Z;139
2024-05-09T13:05:35.1777952Z;182
2024-05-09T13:05:35.3421675Z;163
2024-05-09T13:05:35.5027016Z;160
2024-05-09T13:05:35.6278858Z;124
2024-05-09T13:05:35.7677071Z;139
2024-05-09T13:05:35.9056159Z;137
2024-05-09T13:05:36.0647792Z;158
2024-05-09T13:05:36.2321808Z;166
2024-05-09T13:05:36.4069719Z;174
2024-05-09T13:05:36.5508585Z;143
2024-05-09T13:05:36.6638277Z;112
2024-05-09T13:05:36.8137994Z;149
2024-05-09T13:05:36.9635463Z;149
2024-05-09T13:05:37.0992088Z;135
2024-05-09T13:05:37.3009364Z;201
2024-05-09T13:05:37.4475638Z;146
2024-05-09T13:05:37.6286447Z;180
2024-05-09T13:05:37.7833973Z;154
2024-05-09T13:05:37.9428848Z;159
2024-05-09T13:05:38.0936414Z;150
2024-05-09T13:05:38.2869097Z;192
2024-05-09T13:05:38.4989802Z;211
2024-05-09T13:05:38.6612782Z;161
2024-05-09T13:05:38.8048928Z;143
2024-05-09T13:05:38.9629059Z;157
2024-05-09T13:05:39.0939482Z;91
2024-05-09T13:05:39.2536193Z;159
2024-05-09T13:05:39.4125111Z;158
2024-05-09T13:05:39.5634376Z;150
2024-05-09T13:05:39.7176850Z;153
2024-05-09T13:05:39.8412142Z;123
2024-05-09T13:05:40.0023048Z;160
2024-05-09T13:05:40.1652988Z;162
2024-05-09T13:05:40.3369968Z;171
2024-05-09T13:05:40.4751714Z;137
2024-05-09T13:05:40.6149050Z;139
2024-05-09T13:05:40.7608748Z;145
2024-05-09T13:05:40.9481157Z;186
2024-05-09T13:05:41.0403004Z;89
2024-05-09T13:05:41.2092005Z;166
2024-05-09T13:05:41.3633244Z;153
2024-05-09T13:05:41.5253507Z;161
2024-05-09T13:05:41.6449202Z;119
2024-05-09T13:05:41.7873417Z;141
2024-05-09T13:05:41.9040366Z;116
2024-05-09T13:05:42.0590570Z;154
2024-05-09T13:05:42.2277720Z;168
2024-05-09T13:05:42.3709988Z;142
2024-05-09T13:05:42.5224019Z;151
2024-05-09T13:05:42.6433067Z;120
2024-05-09T13:05:42.8232782Z;179
2024-05-09T13:05:42.9508480Z;127
2024-05-09T13:05:43.1550974Z;203
2024-05-09T13:05:43.2942764Z;138
2024-05-09T13:05:43.4679931Z;173
2024-05-09T13:05:43.6126367Z;143
2024-05-09T13:05:43.7340727Z;121
2024-05-09T13:05:43.8625302Z;127
2024-05-09T13:05:44.0272910Z;164
2024-05-09T13:05:44.1785633Z;150
2024-05-09T13:05:44.3498792Z;170
2024-05-09T13:05:44.4969231Z;146
2024-05-09T13:05:44.7136372Z;216
2024-05-09T13:05:44.8875957Z;172
2024-05-09T13:05:44.9776800Z;89
2024-05-09T13:05:45.1315961Z;153
2024-05-09T13:05:45.2734514Z;138
2024-05-09T13:05:45.4699872Z;196
2024-05-09T13:05:45.6919207Z;221
2024-05-09T13:05:45.8398327Z;147
2024-05-09T13:05:46.0705481Z;229
2024-05-09T13:05:46.1910082Z;120
2024-05-09T13:05:46.3641622Z;172
2024-05-09T13:05:46.4919036Z;127
2024-05-09T13:05:46.6290056Z;136
2024-05-09T13:05:46.7651827Z;135
2024-05-09T13:05:46.9120250Z;146
2024-05-09T13:05:47.0649952Z;152
2024-05-09T13:05:47.1643909Z;98
2024-05-09T13:05:47.4121387Z;246
2024-05-09T13:05:47.5509025Z;137
2024-05-09T13:05:47.7184635Z;167
2024-05-09T13:05:47.8699422Z;151
2024-05-09T13:05:47.9958992Z;125
2024-05-09T13:05:48.1269104Z;129
2024-05-09T13:05:48.2958632Z;168
2024-05-09T13:05:48.4693494Z;173
2024-05-09T13:05:48.6242550Z;149
2024-05-09T13:05:48.7051933Z;80
2024-05-09T13:05:48.8644737Z;159
2024-05-09T13:05:48.9911281Z;119
2024-05-09T13:05:49.1658085Z;174
2024-05-09T13:05:49.3152973Z;149
2024-05-09T13:05:49.4848929Z;169
2024-05-09T13:05:49.6206173Z;135
2024-05-09T13:05:49.7761842Z;155
2024-05-09T13:05:49.9787934Z;202
2024-05-09T13:05:50.0584796Z;78
2024-05-09T13:05:50.2806259Z;221
2024-05-09T13:05:50.3873153Z;106
2024-05-09T13:05:50.5448818Z;156
2024-05-09T13:05:50.6610270Z;115
2024-05-09T13:05:50.8158550Z;154
2024-05-09T13:05:50.9664204Z;150
2024-05-09T13:05:51.1279890Z;161
2024-05-09T13:05:51.2512108Z;122
2024-05-09T13:05:51.3861527Z;130
2024-05-09T13:05:51.5386153Z;152
2024-05-09T13:05:51.6901188Z;151
2024-05-09T13:05:51.8444312Z;153
2024-05-09T13:05:52.0090936Z;164
2024-05-09T13:05:52.1570690Z;147
2024-05-09T13:05:52.3100690Z;152
2024-05-09T13:05:52.4830172Z;172
2024-05-09T13:05:52.6335029Z;144
2024-05-09T13:05:52.7816462Z;147
2024-05-09T13:05:52.9602063Z;178
2024-05-09T13:05:53.1435571Z;183
2024-05-09T13:05:53.3368151Z;192
2024-05-09T13:05:53.4944672Z;155
2024-05-09T13:05:53.6364448Z;141
2024-05-09T13:05:53.7774968Z;140
2024-05-09T13:05:53.9282591Z;144
2024-05-09T13:05:54.0738682Z;145
2024-05-09T13:05:54.2390335Z;164
2024-05-09T13:05:54.3879995Z;148
2024-05-09T13:05:54.5452355Z;156
2024-05-09T13:05:54.7284031Z;182
2024-05-09T13:05:54.8576012Z;128
2024-05-09T13:05:54.9923052Z;134
2024-05-09T13:05:55.1651498Z;172
2024-05-09T13:05:55.3164027Z;150
2024-05-09T13:05:55.4574900Z;140
2024-05-09T13:05:55.5937696Z;135
2024-05-09T13:05:55.7281111Z;133
2024-05-09T13:05:55.8851686Z;148
2024-05-09T13:05:56.0476402Z;160
2024-05-09T13:05:56.2628251Z;214
2024-05-09T13:05:56.4044006Z;140
2024-05-09T13:05:56.5366175Z;131
2024-05-09T13:05:56.6885347Z;151
2024-05-09T13:05:56.8626227Z;173
2024-05-09T13:05:57.0088760Z;144
2024-05-09T13:05:57.1720621Z;162
2024-05-09T13:05:57.3086826Z;136
2024-05-09T13:05:57.4955303Z;186
2024-05-09T13:05:57.6207828Z;124
2024-05-09T13:05:57.7666033Z;145
2024-05-09T13:05:57.9082287Z;141
2024-05-09T13:05:58.0850469Z;168
2024-05-09T13:05:58.2271865Z;141
2024-05-09T13:05:58.3990398Z;171
2024-05-09T13:05:58.5730120Z;173
2024-05-09T13:05:58.7099556Z;134
2024-05-09T13:05:58.8483120Z;136
2024-05-09T13:05:58.9899114Z;140
2024-05-09T13:05:59.2266449Z;236
2024-05-09T13:05:59.3044801Z;77
2024-05-09T13:05:59.4437617Z;139
2024-05-09T13:05:59.5798888Z;135
2024-05-09T13:05:59.7245270Z;144
2024-05-09T13:05:59.8657011Z;140
2024-05-09T13:06:00.0104911Z;144
2024-05-09T13:06:00.1732203Z;162
2024-05-09T13:06:00.3321845Z;158
2024-05-09T13:06:00.4824159Z;149
2024-05-09T13:06:00.6302668Z;147
2024-05-09T13:06:00.7999777Z;169
2024-05-09T13:06:00.9531627Z;152
2024-05-09T13:06:01.0983258Z;144
2024-05-09T13:06:01.2544624Z;155
2024-05-09T13:06:01.3981360Z;143
2024-05-09T13:06:01.5728288Z;174
2024-05-09T13:06:01.6991515Z;126
2024-05-09T13:06:01.8625812Z;162
2024-05-09T13:06:02.0192274Z;156
2024-05-09T13:06:02.2168127Z;197
2024-05-09T13:06:02.3606752Z;143
2024-05-09T13:06:02.5201925Z;157
2024-05-09T13:06:02.6684525Z;147
2024-05-09T13:06:02.8367219Z;167
2024-05-09T13:06:02.9710514Z;134
2024-05-09T13:06:03.1108672Z;139
2024-05-09T13:06:03.3493441Z;235
2024-05-09T13:06:03.4952160Z;145
2024-05-09T13:06:03.6353739Z;139
2024-05-09T13:06:03.7125051Z;76
2024-05-09T13:06:03.9191026Z;206
2024-05-09T13:06:04.0656870Z;145
2024-05-09T13:06:04.2687032Z;202
2024-05-09T13:06:04.4662698Z;196
2024-05-09T13:06:04.6569998Z;190
2024-05-09T13:06:04.8069670Z;149
2024-05-09T13:06:04.9607484Z;153
2024-05-09T13:06:05.1090541Z;147
2024-05-09T13:06:05.2721227Z;162
2024-05-09T13:06:05.4787496Z;206
2024-05-09T13:06:05.6433699Z;164
2024-05-09T13:06:05.8013311Z;157
2024-05-09T13:06:05.9996160Z;197
2024-05-09T13:06:06.2052594Z;205
2024-05-09T13:06:06.3583222Z;152
2024-05-09T13:06:06.5249586Z;166
2024-05-09T13:06:06.7121109Z;185
2024-05-09T13:06:06.9500096Z;206
2024-05-09T13:06:07.1652951Z;190
2024-05-09T13:06:07.3789032Z;213
2024-05-09T13:06:07.5368388Z;157
2024-05-09T13:06:07.6349954Z;97
2024-05-09T13:06:07.7932866Z;157
2024-05-09T13:06:07.9571450Z;163
2024-05-09T13:06:08.1424075Z;184
2024-05-09T13:06:08.2953519Z;152
2024-05-09T13:06:08.5057229Z;210
2024-05-09T13:06:08.6971921Z;188
2024-05-09T13:06:08.8011296Z;103
2024-05-09T13:06:08.9505116Z;149
2024-05-09T13:06:09.1073762Z;156
2024-05-09T13:06:09.2750669Z;167
2024-05-09T13:06:09.4280941Z;152
2024-05-09T13:06:09.5747947Z;146
2024-05-09T13:06:09.7523436Z;177
2024-05-09T13:06:09.9222403Z;163
2024-05-09T13:06:10.0883037Z;162
2024-05-09T13:06:10.2615541Z;172
2024-05-09T13:06:10.4363226Z;174
2024-05-09T13:06:10.5691002Z;132
2024-05-09T13:06:10.7674006Z;196
2024-05-09T13:06:10.9203716Z;152
2024-05-09T13:06:11.1974835Z;276
2024-05-09T13:06:11.4371643Z;239
2024-05-09T13:06:11.5818034Z;144
2024-05-09T13:06:11.7253765Z;143
2024-05-09T13:06:11.8989286Z;173
2024-05-09T13:06:12.0995885Z;200
2024-05-09T13:06:12.1973067Z;97
2024-05-09T13:06:12.4159493Z;218
2024-05-09T13:06:12.5552628Z;138
2024-05-09T13:06:12.7106041Z;153
2024-05-09T13:06:12.9201604Z;183
2024-05-09T13:06:13.0940165Z;170
2024-05-09T13:06:13.2312129Z;136
2024-05-09T13:06:13.4483100Z;216
2024-05-09T13:06:13.5335783Z;84
2024-05-09T13:06:13.6816299Z;147
2024-05-09T13:06:13.8243352Z;142
2024-05-09T13:06:13.9771946Z;152
2024-05-09T13:06:14.1217049Z;144
2024-05-09T13:06:14.2866578Z;164
2024-05-09T13:06:14.4202263Z;132
2024-05-09T13:06:14.5603726Z;139
2024-05-09T13:06:14.7108271Z;150
2024-05-09T13:06:14.8254857Z;114
2024-05-09T13:06:15.0100887Z;182
2024-05-09T13:06:15.1611544Z;150
2024-05-09T13:06:15.2899136Z;128
2024-05-09T13:06:15.4561074Z;165
2024-05-09T13:06:15.6106503Z;143
2024-05-09T13:06:15.7680648Z;157
2024-05-09T13:06:15.9118068Z;143
2024-05-09T13:06:16.0587285Z;146
2024-05-09T13:06:16.2422256Z;183
2024-05-09T13:06:16.4053309Z;162
2024-05-09T13:06:16.6291876Z;223
2024-05-09T13:06:16.7905249Z;160
2024-05-09T13:06:16.9644594Z;173
2024-05-09T13:06:17.0476154Z;82
2024-05-09T13:06:17.2258786Z;177
2024-05-09T13:06:17.3996474Z;166
2024-05-09T13:06:17.5472970Z;147
2024-05-09T13:06:17.6906060Z;138
2024-05-09T13:06:17.8461694Z;155
2024-05-09T13:06:17.9749952Z;128
2024-05-09T13:06:18.1365623Z;161
2024-05-09T13:06:18.2443161Z;107
2024-05-09T13:06:18.4370466Z;192
2024-05-09T13:06:18.5332243Z;95
2024-05-09T13:06:18.6912126Z;152
2024-05-09T13:06:18.8493863Z;157
2024-05-09T13:06:18.9666288Z;116
2024-05-09T13:06:19.1233478Z;156
2024-05-09T13:06:19.2283822Z;104
2024-05-09T13:06:19.3916223Z;162
2024-05-09T13:06:19.5483172Z;156
2024-05-09T13:06:19.6884794Z;138
2024-05-09T13:06:19.8292608Z;139
2024-05-09T13:06:19.9844780Z;154
2024-05-09T13:06:20.1562000Z;170
2024-05-09T13:06:20.3494722Z;192
2024-05-09T13:06:20.5181002Z;168
2024-05-09T13:06:20.6589236Z;140
2024-05-09T13:06:20.8009281Z;141
2024-05-09T13:06:20.8930733Z;91
2024-05-09T13:06:21.0599343Z;165
2024-05-09T13:06:21.2900162Z;222
2024-05-09T13:06:21.3912166Z;100
2024-05-09T13:06:21.5235692Z;131
2024-05-09T13:06:21.7190361Z;195
2024-05-09T13:06:21.9157760Z;196
2024-05-09T13:06:22.0502150Z;127
2024-05-09T13:06:22.2387996Z;188
2024-05-09T13:06:22.3582657Z;119
2024-05-09T13:06:22.5672776Z;202
2024-05-09T13:06:22.7059505Z;138
2024-05-09T13:06:22.8511635Z;144
2024-05-09T13:06:23.0579650Z;206
2024-05-09T13:06:23.2135566Z;155
2024-05-09T13:06:23.3905565Z;176
2024-05-09T13:06:23.5531491Z;161
2024-05-09T13:06:23.7195826Z;156
2024-05-09T13:06:23.8437375Z;123
2024-05-09T13:06:23.9817862Z;137
2024-05-09T13:06:24.1580830Z;176
2024-05-09T13:06:24.2923476Z;133
2024-05-09T13:06:24.4415856Z;147
2024-05-09T13:06:24.6487593Z;199
2024-05-09T13:06:24.7652744Z;116
2024-05-09T13:06:24.9623759Z;196
2024-05-09T13:06:25.0894588Z;126
2024-05-09T13:06:25.2256184Z;135
2024-05-09T13:06:25.3492476Z;123
2024-05-09T13:06:25.5732580Z;223
2024-05-09T13:06:25.6979861Z;124
2024-05-09T13:06:25.8510010Z;152
2024-05-09T13:06:26.0399618Z;188
2024-05-09T13:06:26.1797492Z;139
2024-05-09T13:06:26.3469314Z;166
2024-05-09T13:06:26.5065443Z;157
2024-05-09T13:06:26.6455647Z;138
2024-05-09T13:06:26.8185085Z;171
2024-05-09T13:06:26.9216972Z;102
2024-05-09T13:06:27.1423704Z;220
2024-05-09T13:06:27.2420151Z;96
2024-05-09T13:06:27.4149448Z;172
2024-05-09T13:06:27.6149046Z;199
2024-05-09T13:06:27.7678199Z;152
2024-05-09T13:06:27.9157083Z;147
2024-05-09T13:06:28.0552792Z;138
2024-05-09T13:06:28.2208561Z;163
2024-05-09T13:06:28.3836813Z;162
2024-05-09T13:06:28.5256229Z;141
2024-05-09T13:06:28.6663636Z;140
2024-05-09T13:06:28.8248694Z;158
2024-05-09T13:06:28.9464905Z;121
2024-05-09T13:06:29.1135442Z;166
2024-05-09T13:06:29.2705738Z;156
2024-05-09T13:06:29.3996066Z;127
2024-05-09T13:06:29.5369975Z;137
2024-05-09T13:06:29.6961595Z;158
2024-05-09T13:06:29.8747738Z;178
2024-05-09T13:06:30.0510276Z;174
2024-05-09T13:06:30.1933618Z;142
2024-05-09T13:06:30.3703070Z;176
2024-05-09T13:06:30.5025599Z;132
2024-05-09T13:06:30.6908774Z;187
2024-05-09T13:06:30.8853751Z;194
2024-05-09T13:06:30.9964037Z;110
2024-05-09T13:06:31.1900146Z;193
2024-05-09T13:06:31.3359285Z;145
2024-05-09T13:06:31.4994571Z;163
2024-05-09T13:06:31.6420820Z;142
2024-05-09T13:06:31.7238114Z;81
2024-05-09T13:06:31.9372016Z;212
2024-05-09T13:06:32.0858239Z;148
2024-05-09T13:06:32.2549144Z;168
2024-05-09T13:06:32.4073559Z;152
2024-05-09T13:06:32.5642844Z;156
2024-05-09T13:06:32.7069516Z;118
2024-05-09T13:06:32.8447096Z;137
2024-05-09T13:06:33.0481822Z;203
2024-05-09T13:06:33.2564811Z;205
2024-05-09T13:06:33.4135508Z;155
2024-05-09T13:06:33.5622969Z;148
2024-05-09T13:06:33.7455549Z;181
2024-05-09T13:06:33.9000146Z;153
2024-05-09T13:06:34.0432071Z;142
2024-05-09T13:06:34.2201941Z;176
2024-05-09T13:06:34.4116085Z;190
2024-05-09T13:06:34.5667919Z;154
2024-05-09T13:06:34.8042684Z;237
2024-05-09T13:06:34.9828576Z;178
2024-05-09T13:06:35.0681768Z;84
2024-05-09T13:06:35.2109580Z;142
2024-05-09T13:06:35.3569457Z;145
2024-05-09T13:06:35.5446828Z;187
2024-05-09T13:06:35.6830401Z;137
2024-05-09T13:06:35.8299992Z;140
2024-05-09T13:06:35.9952474Z;164
2024-05-09T13:06:36.1440557Z;148
2024-05-09T13:06:36.2664831Z;120
2024-05-09T13:06:36.3924957Z;125
2024-05-09T13:06:36.5513098Z;158
2024-05-09T13:06:36.7269001Z;175
2024-05-09T13:06:36.8843598Z;157
2024-05-09T13:06:37.0477018Z;163
2024-05-09T13:06:37.2108913Z;162
2024-05-09T13:06:37.3601847Z;148
2024-05-09T13:06:37.5109700Z;149
2024-05-09T13:06:37.6454028Z;134
2024-05-09T13:06:37.7592717Z;113
2024-05-09T13:06:37.8991911Z;139
2024-05-09T13:06:38.0409338Z;141
2024-05-09T13:06:38.2192554Z;152
2024-05-09T13:06:38.4095125Z;172
2024-05-09T13:06:38.5787886Z;167
2024-05-09T13:06:38.7202546Z;141
2024-05-09T13:06:38.8938416Z;173
2024-05-09T13:06:39.0238394Z;129
2024-05-09T13:06:39.1596197Z;135
2024-05-09T13:06:39.3091875Z;147
2024-05-09T13:06:39.4418840Z;132
2024-05-09T13:06:39.6495111Z;207
2024-05-09T13:06:39.8019038Z;151
2024-05-09T13:06:39.9549996Z;152
2024-05-09T13:06:40.1514604Z;195
2024-05-09T13:06:40.3324721Z;180
2024-05-09T13:06:40.4633928Z;130
2024-05-09T13:06:40.6216262Z;157
2024-05-09T13:06:40.7693970Z;147
2024-05-09T13:06:40.8877951Z;118
2024-05-09T13:06:41.0407833Z;152
2024-05-09T13:06:41.1769280Z;135
2024-05-09T13:06:41.3353861Z;157
2024-05-09T13:06:41.5443099Z;186
2024-05-09T13:06:41.6239138Z;79
2024-05-09T13:06:41.8185355Z;194
2024-05-09T13:06:41.9717394Z;152
2024-05-09T13:06:42.0995204Z;127
2024-05-09T13:06:42.2515584Z;151
2024-05-09T13:06:42.4113195Z;159
2024-05-09T13:06:42.6335119Z;221
2024-05-09T13:06:42.8792988Z;245
2024-05-09T13:06:43.1973762Z;317
2024-05-09T13:06:43.5052562Z;307
2024-05-09T13:06:43.6558064Z;150
2024-05-09T13:06:43.8593429Z;201
2024-05-09T13:06:44.0737905Z;214
2024-05-09T13:06:44.1848134Z;110
2024-05-09T13:06:44.3780607Z;192
2024-05-09T13:06:44.5236281Z;145
2024-05-09T13:06:44.7555493Z;231
2024-05-09T13:06:44.8954727Z;139
2024-05-09T13:06:45.0477090Z;151
2024-05-09T13:06:45.2326846Z;184
2024-05-09T13:06:45.3663575Z;127
2024-05-09T13:06:45.5268502Z;159
2024-05-09T13:06:45.6507778Z;123
2024-05-09T13:06:45.7964383Z;145
2024-05-09T13:06:45.9699137Z;172
2024-05-09T13:06:46.1198922Z;147
2024-05-09T13:06:46.2515327Z;131
2024-05-09T13:06:46.3748938Z;123
2024-05-09T13:06:46.5378105Z;161
2024-05-09T13:06:46.6774522Z;139
2024-05-09T13:06:46.8169204Z;139
2024-05-09T13:06:47.0790187Z;261
2024-05-09T13:06:47.3499598Z;270
2024-05-09T13:06:47.5060884Z;155
2024-05-09T13:06:47.6928274Z;185
2024-05-09T13:06:47.8625391Z;169
2024-05-09T13:06:47.9982505Z;135
2024-05-09T13:06:48.1221878Z;123
2024-05-09T13:06:48.2725465Z;148
2024-05-09T13:06:48.4276051Z;154
2024-05-09T13:06:48.6163342Z;188
2024-05-09T13:06:48.7485477Z;131
2024-05-09T13:06:48.8848911Z;131
2024-05-09T13:06:49.0058149Z;120
2024-05-09T13:06:49.1586727Z;152
2024-05-09T13:06:49.3102087Z;150
2024-05-09T13:06:49.4849510Z;173
2024-05-09T13:06:49.6520904Z;166
2024-05-09T13:06:49.8004663Z;148
2024-05-09T13:06:49.9625416Z;161
2024-05-09T13:06:50.0759233Z;113
2024-05-09T13:06:50.2351070Z;158
2024-05-09T13:06:50.3795815Z;144
2024-05-09T13:06:50.5103370Z;129
2024-05-09T13:06:50.6248871Z;107
2024-05-09T13:06:50.7865605Z;159
2024-05-09T13:06:50.9399751Z;153
2024-05-09T13:06:51.0996432Z;159
2024-05-09T13:06:51.2534061Z;153
2024-05-09T13:06:51.3857889Z;130
2024-05-09T13:06:51.4949848Z;108
2024-05-09T13:06:51.6497465Z;154
2024-05-09T13:06:51.7542974Z;104
2024-05-09T13:06:51.9326798Z;177
2024-05-09T13:06:52.0692776Z;133
2024-05-09T13:06:52.2384129Z;166
2024-05-09T13:06:52.4124331Z;173
2024-05-09T13:06:52.5588662Z;145
2024-05-09T13:06:52.7314033Z;166
2024-05-09T13:06:52.8803193Z;148
2024-05-09T13:06:53.0264196Z;145
2024-05-09T13:06:53.2101584Z;183
2024-05-09T13:06:53.3584290Z;147
2024-05-09T13:06:53.4709338Z;112
2024-05-09T13:06:53.6242969Z;153
2024-05-09T13:06:53.8170208Z;192
2024-05-09T13:06:53.9822154Z;164
2024-05-09T13:06:54.1363328Z;153
2024-05-09T13:06:54.2900211Z;153
2024-05-09T13:06:54.4477926Z;157
2024-05-09T13:06:54.5260618Z;68
2024-05-09T13:06:54.6717394Z;145
2024-05-09T13:06:54.7774009Z;105
2024-05-09T13:06:54.9199314Z;141
2024-05-09T13:06:55.0573391Z;136
2024-05-09T13:06:55.2044603Z;146
2024-05-09T13:06:55.3802302Z;175
2024-05-09T13:06:55.5113754Z;130
2024-05-09T13:06:55.7584946Z;246
2024-05-09T13:06:55.8935176Z;134
2024-05-09T13:06:56.1758302Z;281
2024-05-09T13:06:56.3651048Z;188
2024-05-09T13:06:56.4901359Z;124
2024-05-09T13:06:56.6296541Z;139
2024-05-09T13:06:56.7824713Z;152
2024-05-09T13:06:56.9422124Z;159
2024-05-09T13:06:57.1167986Z;174
2024-05-09T13:06:57.2466469Z;129
2024-05-09T13:06:57.3860761Z;138
2024-05-09T13:06:57.5858068Z;199
2024-05-09T13:06:57.7454814Z;159
2024-05-09T13:06:57.8997455Z;153
2024-05-09T13:06:58.0581356Z;158
2024-05-09T13:06:58.1895485Z;130
2024-05-09T13:06:58.3162459Z;126
2024-05-09T13:06:58.4563431Z;139
2024-05-09T13:06:58.6557137Z;199
2024-05-09T13:06:58.7671901Z;111
2024-05-09T13:06:58.9553438Z;187
2024-05-09T13:06:59.1083477Z;152
2024-05-09T13:06:59.2690168Z;160
2024-05-09T13:06:59.4193427Z;150
2024-05-09T13:06:59.5588401Z;139
2024-05-09T13:06:59.7201623Z;160
2024-05-09T13:06:59.8772844Z;156
2024-05-09T13:07:00.0643097Z;186
2024-05-09T13:07:00.2006693Z;136
2024-05-09T13:07:00.3637570Z;162
2024-05-09T13:07:00.5316665Z;167
2024-05-09T13:07:00.6781026Z;146
2024-05-09T13:07:00.8444893Z;165
2024-05-09T13:07:01.0041942Z;159
2024-05-09T13:07:01.1523502Z;147
2024-05-09T13:07:01.3353383Z;182
2024-05-09T13:07:01.4917290Z;156
2024-05-09T13:07:01.6443956Z;152
2024-05-09T13:07:01.8039683Z;159
2024-05-09T13:07:01.9905573Z;186
2024-05-09T13:07:02.1582526Z;167
2024-05-09T13:07:02.2408669Z;82
2024-05-09T13:07:02.4703530Z;229
2024-05-09T13:07:02.6296569Z;159
2024-05-09T13:07:02.7801498Z;149
2024-05-09T13:07:02.9299785Z;149
2024-05-09T13:07:03.1510315Z;220
2024-05-09T13:07:03.3024743Z;151
2024-05-09T13:07:03.4416897Z;138
2024-05-09T13:07:03.5873285Z;144
2024-05-09T13:07:03.6895937Z;101
2024-05-09T13:07:03.8441453Z;154
2024-05-09T13:07:03.9946451Z;150
2024-05-09T13:07:04.1853357Z;190
2024-05-09T13:07:04.3365664Z;150
2024-05-09T13:07:04.4844954Z;147
2024-05-09T13:07:04.6418264Z;157
2024-05-09T13:07:04.8112819Z;168
2024-05-09T13:07:04.9786519Z;167
2024-05-09T13:07:05.1057864Z;126
2024-05-09T13:07:05.2608854Z;154
2024-05-09T13:07:05.4095540Z;148
2024-05-09T13:07:05.5678434Z;139
2024-05-09T13:07:05.6663473Z;91
2024-05-09T13:07:05.8154430Z;148
2024-05-09T13:07:06.0091107Z;193
2024-05-09T13:07:06.1523823Z;142
2024-05-09T13:07:06.3352697Z;182
2024-05-09T13:07:06.4051839Z;69
2024-05-09T13:07:06.6028692Z;196
2024-05-09T13:07:06.7603992Z;157
2024-05-09T13:07:06.9094116Z;148
2024-05-09T13:07:07.0662929Z;156
2024-05-09T13:07:07.2336080Z;167
2024-05-09T13:07:07.3842923Z;150
2024-05-09T13:07:07.5392223Z;154
2024-05-09T13:07:07.6965888Z;157
2024-05-09T13:07:07.8767992Z;179
2024-05-09T13:07:08.0605920Z;183
2024-05-09T13:07:08.2184765Z;156
2024-05-09T13:07:08.3800490Z;161
2024-05-09T13:07:08.5262993Z;145
2024-05-09T13:07:08.7110172Z;184
2024-05-09T13:07:08.8563343Z;144
2024-05-09T13:07:08.9968089Z;140
2024-05-09T13:07:09.1479601Z;150
2024-05-09T13:07:09.2934040Z;145
2024-05-09T13:07:09.4488623Z;155
2024-05-09T13:07:09.6218253Z;172
2024-05-09T13:07:09.7862817Z;164
2024-05-09T13:07:09.9352419Z;148
2024-05-09T13:07:10.0717384Z;136
2024-05-09T13:07:10.2622328Z;190
2024-05-09T13:07:10.4151707Z;152
2024-05-09T13:07:10.5515803Z;136
2024-05-09T13:07:10.7151523Z;163
2024-05-09T13:07:10.8705614Z;153
2024-05-09T13:07:11.0750496Z;204
2024-05-09T13:07:11.2497276Z;174
2024-05-09T13:07:11.4291547Z;179
2024-05-09T13:07:11.5887836Z;159
2024-05-09T13:07:11.7473797Z;158
2024-05-09T13:07:11.9285913Z;180
2024-05-09T13:07:12.0402338Z;111
2024-05-09T13:07:12.1789122Z;138
2024-05-09T13:07:12.3575323Z;178
2024-05-09T13:07:12.5137043Z;155
2024-05-09T13:07:12.6694141Z;152
2024-05-09T13:07:12.7981263Z;128
2024-05-09T13:07:12.9747952Z;175
2024-05-09T13:07:13.1828901Z;207
2024-05-09T13:07:13.3880791Z;204
2024-05-09T13:07:13.5101373Z;121
2024-05-09T13:07:13.6585573Z;148
2024-05-09T13:07:13.8535371Z;194
2024-05-09T13:07:14.0018876Z;145
2024-05-09T13:07:14.1735495Z;171
2024-05-09T13:07:14.3038962Z;128
2024-05-09T13:07:14.4769629Z;172
2024-05-09T13:07:14.6482911Z;171
2024-05-09T13:07:14.7828338Z;134
2024-05-09T13:07:14.9022162Z;119
2024-05-09T13:07:15.1200152Z;217
2024-05-09T13:07:15.2349678Z;114
2024-05-09T13:07:15.3997877Z;164
2024-05-09T13:07:15.5273279Z;125
2024-05-09T13:07:15.7257097Z;197
2024-05-09T13:07:15.8863128Z;159
2024-05-09T13:07:16.0462690Z;159
2024-05-09T13:07:16.2039576Z;154
2024-05-09T13:07:16.3401349Z;135
2024-05-09T13:07:16.5334106Z;191
2024-05-09T13:07:16.6478769Z;114
2024-05-09T13:07:16.8292123Z;174
2024-05-09T13:07:16.9758701Z;145
2024-05-09T13:07:17.0475004Z;71
2024-05-09T13:07:17.2167811Z;168
2024-05-09T13:07:17.4045874Z;187
2024-05-09T13:07:17.6205914Z;215
2024-05-09T13:07:17.9485795Z;327
2024-05-09T13:07:18.1020352Z;153
2024-05-09T13:07:18.2751532Z;172
2024-05-09T13:07:18.4320464Z;156
2024-05-09T13:07:18.5578469Z;125
2024-05-09T13:07:18.7103602Z;152
2024-05-09T13:07:18.8851886Z;174
2024-05-09T13:07:19.0610289Z;175
2024-05-09T13:07:19.2341977Z;172
2024-05-09T13:07:19.3769387Z;142
2024-05-09T13:07:19.5030531Z;113
2024-05-09T13:07:19.6627344Z;158
2024-05-09T13:07:19.8351639Z;171
2024-05-09T13:07:19.9980313Z;162
2024-05-09T13:07:20.1287568Z;130
2024-05-09T13:07:20.3218963Z;192
2024-05-09T13:07:20.5038623Z;179
2024-05-09T13:07:20.6476072Z;143
2024-05-09T13:07:20.8799730Z;232
2024-05-09T13:07:21.0554391Z;174
2024-05-09T13:07:21.1797218Z;122
2024-05-09T13:07:21.3661927Z;186
2024-05-09T13:07:21.4990808Z;132
2024-05-09T13:07:21.6016835Z;101
2024-05-09T13:07:21.7393775Z;137
2024-05-09T13:07:21.8977611Z;158
2024-05-09T13:07:22.0783664Z;180
2024-05-09T13:07:22.2520019Z;172
2024-05-09T13:07:22.4137944Z;157
2024-05-09T13:07:22.5553563Z;141
2024-05-09T13:07:22.6864866Z;128
2024-05-09T13:07:22.8797200Z;192
2024-05-09T13:07:23.0394536Z;159
2024-05-09T13:07:23.2125760Z;172
2024-05-09T13:07:23.4059263Z;192
2024-05-09T13:07:23.5822280Z;175
2024-05-09T13:07:23.7333855Z;150
2024-05-09T13:07:23.9168284Z;182
2024-05-09T13:07:24.0611026Z;142
2024-05-09T13:07:24.2525236Z;190
2024-05-09T13:07:24.4349497Z;182
2024-05-09T13:07:24.5922866Z;157
2024-05-09T13:07:24.7671425Z;174
2024-05-09T13:07:24.9746735Z;207
2024-05-09T13:07:25.1007204Z;125
2024-05-09T13:07:25.2608014Z;159
2024-05-09T13:07:25.3451417Z;84
2024-05-09T13:07:25.6345077Z;275
2024-05-09T13:07:25.6980719Z;63
2024-05-09T13:07:26.0879246Z;389
2024-05-09T13:07:26.2795347Z;191
2024-05-09T13:07:26.6139404Z;333
2024-05-09T13:07:26.8312508Z;216
2024-05-09T13:07:26.9779386Z;145
2024-05-09T13:07:27.1689002Z;190
2024-05-09T13:07:27.3559885Z;186
2024-05-09T13:07:27.5317247Z;175
2024-05-09T13:07:27.7247870Z;192
2024-05-09T13:07:27.9022111Z;176
2024-05-09T13:07:28.0795225Z;176
2024-05-09T13:07:28.2656566Z;185
2024-05-09T13:07:28.4289034Z;162
2024-05-09T13:07:28.5517832Z;122
2024-05-09T13:07:28.7129417Z;160
2024-05-09T13:07:28.9193482Z;203
2024-05-09T13:07:29.0946291Z;174
2024-05-09T13:07:29.2612547Z;166
2024-05-09T13:07:29.4390488Z;177
2024-05-09T13:07:29.5933538Z;153
2024-05-09T13:07:29.7465081Z;152
2024-05-09T13:07:29.9018065Z;154
2024-05-09T13:07:30.0644374Z;162
2024-05-09T13:07:30.2562878Z;191
2024-05-09T13:07:30.3930266Z;136
2024-05-09T13:07:30.5526575Z;158
2024-05-09T13:07:30.7033105Z;150
2024-05-09T13:07:30.9222077Z;218
2024-05-09T13:07:31.0723250Z;149
2024-05-09T13:07:31.2142808Z;141
2024-05-09T13:07:31.5757420Z;361
2024-05-09T13:07:31.7064274Z;130
2024-05-09T13:07:31.9549013Z;248
2024-05-09T13:07:32.0868922Z;125
2024-05-09T13:07:32.2690299Z;181
2024-05-09T13:07:32.4303416Z;160
2024-05-09T13:07:32.5816258Z;150
2024-05-09T13:07:32.7598837Z;177
2024-05-09T13:07:32.9650094Z;204
2024-05-09T13:07:33.1510368Z;185
2024-05-09T13:07:33.3261687Z;174
2024-05-09T13:07:33.5102748Z;182
2024-05-09T13:07:33.6520289Z;141
2024-05-09T13:07:33.8055377Z;153
2024-05-09T13:07:33.9848299Z;177
2024-05-09T13:07:34.2352031Z;250
2024-05-09T13:07:34.3674074Z;131
2024-05-09T13:07:34.4982035Z;129
2024-05-09T13:07:34.6795387Z;181
2024-05-09T13:07:34.8845270Z;204
2024-05-09T13:07:35.0518405Z;166
2024-05-09T13:07:35.2187158Z;166
2024-05-09T13:07:35.3652759Z;146
2024-05-09T13:07:35.5398881Z;174
2024-05-09T13:07:35.6972910Z;157
2024-05-09T13:07:35.8793924Z;181
2024-05-09T13:07:36.0817203Z;201
2024-05-09T13:07:36.2349440Z;152
2024-05-09T13:07:36.4018423Z;166
2024-05-09T13:07:36.5550227Z;152
2024-05-09T13:07:36.6827608Z;127
2024-05-09T13:07:36.8669884Z;183
2024-05-09T13:07:37.0333694Z;165
2024-05-09T13:07:37.1928148Z;159
2024-05-09T13:07:37.3642847Z;171
2024-05-09T13:07:37.5674650Z;202
2024-05-09T13:07:37.7379338Z;170
2024-05-09T13:07:37.8628746Z;124
2024-05-09T13:07:38.0385904Z;175
2024-05-09T13:07:38.2518224Z;212
2024-05-09T13:07:38.4187043Z;166
2024-05-09T13:07:38.5661124Z;147
2024-05-09T13:07:38.7390328Z;172
2024-05-09T13:07:38.9541491Z;214
2024-05-09T13:07:39.1078647Z;153
2024-05-09T13:07:39.2702392Z;162
2024-05-09T13:07:39.4423693Z;171
2024-05-09T13:07:39.5932715Z;150
2024-05-09T13:07:39.7421602Z;148
2024-05-09T13:07:39.9393064Z;196
2024-05-09T13:07:40.1073725Z;167
2024-05-09T13:07:40.2333434Z;125
2024-05-09T13:07:40.3795572Z;145
2024-05-09T13:07:40.5901057Z;210
2024-05-09T13:07:40.7568888Z;166
2024-05-09T13:07:40.9463252Z;187
2024-05-09T13:07:41.0865201Z;139
2024-05-09T13:07:41.2664272Z;179
2024-05-09T13:07:41.3498322Z;77
2024-05-09T13:07:41.5440162Z;193
2024-05-09T13:07:41.7153369Z;171
2024-05-09T13:07:41.8813830Z;163
2024-05-09T13:07:42.0592989Z;177
2024-05-09T13:07:42.2665715Z;206
2024-05-09T13:07:42.3803925Z;113
2024-05-09T13:07:42.5203162Z;139
2024-05-09T13:07:42.6508591Z;130
2024-05-09T13:07:42.7826177Z;131
2024-05-09T13:07:42.9196074Z;136
2024-05-09T13:07:43.0381968Z;118
2024-05-09T13:07:43.1924173Z;153
2024-05-09T13:07:43.3303558Z;137
2024-05-09T13:07:43.4946693Z;163
2024-05-09T13:07:43.6562933Z;161
2024-05-09T13:07:43.8423698Z;185
2024-05-09T13:07:43.9335760Z;90
2024-05-09T13:07:44.1524710Z;218
2024-05-09T13:07:44.2807028Z;127
2024-05-09T13:07:44.4469745Z;165
2024-05-09T13:07:44.5870008Z;139
2024-05-09T13:07:44.8639685Z;276
2024-05-09T13:07:44.9952811Z;130
2024-05-09T13:07:45.1351692Z;139
2024-05-09T13:07:45.3084703Z;172
2024-05-09T13:07:45.4064834Z;97
2024-05-09T13:07:45.5455847Z;138
2024-05-09T13:07:45.6966941Z;150
2024-05-09T13:07:45.8214115Z;124
2024-05-09T13:07:45.9886371Z;166
2024-05-09T13:07:46.1554146Z;166
2024-05-09T13:07:46.3358118Z;137
2024-05-09T13:07:46.4840517Z;147
2024-05-09T13:07:46.6338701Z;149
2024-05-09T13:07:46.7614192Z;127
2024-05-09T13:07:46.9412838Z;179
2024-05-09T13:07:47.0991111Z;157
2024-05-09T13:07:47.2325338Z;133
2024-05-09T13:07:47.4330954Z;199
2024-05-09T13:07:47.5994289Z;163
2024-05-09T13:07:47.7470712Z;147
2024-05-09T13:07:47.8997559Z;147
2024-05-09T13:07:48.0554375Z;155
2024-05-09T13:07:48.2806043Z;224
2024-05-09T13:07:48.4573917Z;176
2024-05-09T13:07:48.5945422Z;136
2024-05-09T13:07:48.7222258Z;127
2024-05-09T13:07:48.8943429Z;169
2024-05-09T13:07:49.0957013Z;189
2024-05-09T13:07:49.1646358Z;68
2024-05-09T13:07:49.3666447Z;195
2024-05-09T13:07:49.5185674Z;151
2024-05-09T13:07:49.6775972Z;158
2024-05-09T13:07:49.8240405Z;146
2024-05-09T13:07:49.9819092Z;157
2024-05-09T13:07:50.1597487Z;177
2024-05-09T13:07:50.3238440Z;161
2024-05-09T13:07:50.4356695Z;111
2024-05-09T13:07:50.5617500Z;125
2024-05-09T13:07:50.7249118Z;161
2024-05-09T13:07:50.8458205Z;120
2024-05-09T13:07:51.0253297Z;179
2024-05-09T13:07:51.1686688Z;142
2024-05-09T13:07:51.3494154Z;180
2024-05-09T13:07:51.5271485Z;177
2024-05-09T13:07:51.5951405Z;67
2024-05-09T13:07:51.7754033Z;179
2024-05-09T13:07:52.0250572Z;249
2024-05-09T13:07:52.1448582Z;119
2024-05-09T13:07:52.3420788Z;195
2024-05-09T13:07:52.5693189Z;226
2024-05-09T13:07:52.7073283Z;135
2024-05-09T13:07:52.8581941Z;150
2024-05-09T13:07:52.9904065Z;131
2024-05-09T13:07:53.1759535Z;185
2024-05-09T13:07:53.3786445Z;202
2024-05-09T13:07:53.5323599Z;153
2024-05-09T13:07:53.6624603Z;129
2024-05-09T13:07:53.7768330Z;112
2024-05-09T13:07:53.9716136Z;194
2024-05-09T13:07:54.1038560Z;131
2024-05-09T13:07:54.2944157Z;189
2024-05-09T13:07:54.4841557Z;189
2024-05-09T13:07:54.6976647Z;213
2024-05-09T13:07:54.8455592Z;147
2024-05-09T13:07:54.9712611Z;125
2024-05-09T13:07:55.1369563Z;159
2024-05-09T13:07:55.2910396Z;153
2024-05-09T13:07:55.4208679Z;129
2024-05-09T13:07:55.5657401Z;144
2024-05-09T13:07:55.7153053Z;149
2024-05-09T13:07:55.8672058Z;119
2024-05-09T13:07:56.0240026Z;156
2024-05-09T13:07:56.1825643Z;157
2024-05-09T13:07:56.3312121Z;148
2024-05-09T13:07:56.4823536Z;150
2024-05-09T13:07:56.6349780Z;152
2024-05-09T13:07:56.7679611Z;132
2024-05-09T13:07:56.9210266Z;152
2024-05-09T13:07:57.0653443Z;143
2024-05-09T13:07:57.2105794Z;144
2024-05-09T13:07:57.3977582Z;159
2024-05-09T13:07:57.5579234Z;159
2024-05-09T13:07:57.6989148Z;140
2024-05-09T13:07:57.8076354Z;108
2024-05-09T13:07:57.9887397Z;180
2024-05-09T13:07:58.1628768Z;173
2024-05-09T13:07:58.3239888Z;160
2024-05-09T13:07:58.4675076Z;141
2024-05-09T13:07:58.6248868Z;157
2024-05-09T13:07:58.7872974Z;162
2024-05-09T13:07:58.9495154Z;161
2024-05-09T13:07:59.1735439Z;223
2024-05-09T13:07:59.2658620Z;90
2024-05-09T13:07:59.4361165Z;169
2024-05-09T13:07:59.5931321Z;156
2024-05-09T13:07:59.7678249Z;174
2024-05-09T13:07:59.9187636Z;150
2024-05-09T13:08:00.0752002Z;156
2024-05-09T13:08:00.2232638Z;147
2024-05-09T13:08:00.3277853Z;104
2024-05-09T13:08:00.4596645Z;131
2024-05-09T13:08:00.5886848Z;128
2024-05-09T13:08:00.7388275Z;149
2024-05-09T13:08:00.9137368Z;174
2024-05-09T13:08:01.0635769Z;149
2024-05-09T13:08:01.2029766Z;138
2024-05-09T13:08:09.3361468Z;194
2024-05-09T13:08:09.4645883Z;126
2024-05-09T13:08:09.6277034Z;162
2024-05-09T13:08:09.7928220Z;164
2024-05-09T13:08:09.9634121Z;170
2024-05-09T13:08:10.1419800Z;178
2024-05-09T13:08:10.3228832Z;180
2024-05-09T13:08:10.4438614Z;120
2024-05-09T13:08:10.5647602Z;120
2024-05-09T13:08:10.7287068Z;163
2024-05-09T13:08:10.8392190Z;100
2024-05-09T13:08:11.0055834Z;166
2024-05-09T13:08:11.1555143Z;149
2024-05-09T13:08:11.3201094Z;163
2024-05-09T13:08:11.4667839Z;146
2024-05-09T13:08:11.6172159Z;150
2024-05-09T13:08:11.7938391Z;176
2024-05-09T13:08:11.9541230Z;159
2024-05-09T13:08:12.1161164Z;157
2024-05-09T13:08:12.3184259Z;182
2024-05-09T13:08:12.4710833Z;152
2024-05-09T13:08:12.6627904Z;191
2024-05-09T13:08:12.8140948Z;150
2024-05-09T13:08:12.9748867Z;160
2024-05-09T13:08:13.1483164Z;173
2024-05-09T13:08:13.3042970Z;155
2024-05-09T13:08:13.4557548Z;151
2024-05-09T13:08:13.5651256Z;100
2024-05-09T13:08:13.7587937Z;193
2024-05-09T13:08:13.8985909Z;138
2024-05-09T13:08:14.0500892Z;151
2024-05-09T13:08:14.2490219Z;198
2024-05-09T13:08:14.3785096Z;129
2024-05-09T13:08:14.5583222Z;179
2024-05-09T13:08:14.7566979Z;198
2024-05-09T13:08:14.8555842Z;98
2024-05-09T13:08:15.0579837Z;201
2024-05-09T13:08:15.2254325Z;167
2024-05-09T13:08:15.3714196Z;145
2024-05-09T13:08:15.5045569Z;132
2024-05-09T13:08:15.6250605Z;120
2024-05-09T13:08:15.8006218Z;175
2024-05-09T13:08:15.9699466Z;169
2024-05-09T13:08:16.1312930Z;160
2024-05-09T13:08:16.2808966Z;148
2024-05-09T13:08:16.4399308Z;158
2024-05-09T13:08:16.6170447Z;176
2024-05-09T13:08:16.8005251Z;183
2024-05-09T13:08:16.9257155Z;124
2024-05-09T13:08:17.0982538Z;172
2024-05-09T13:08:17.2531896Z;154
2024-05-09T13:08:17.4529382Z;199
2024-05-09T13:08:17.6098216Z;156
2024-05-09T13:08:17.7848654Z;174
2024-05-09T13:08:17.9363609Z;151
2024-05-09T13:08:18.1547624Z;203
2024-05-09T13:08:18.3277510Z;172
2024-05-09T13:08:18.4639890Z;135
2024-05-09T13:08:18.5981816Z;133
2024-05-09T13:08:18.7850496Z;186
