2024-05-10T07:41:43.5013801Z;31956
2024-05-10T07:41:49.8601166Z;6312
2024-05-10T07:41:49.9461893Z;85
2024-05-10T07:41:50.0754782Z;128
2024-05-10T07:41:50.1593615Z;83
2024-05-10T07:41:50.3156693Z;155
2024-05-10T07:41:50.4736974Z;157
2024-05-10T07:41:50.7476371Z;273
2024-05-10T07:41:50.9510986Z;203
2024-05-10T07:41:51.0638226Z;112
2024-05-10T07:41:51.2505970Z;185
2024-05-10T07:41:51.3394930Z;88
2024-05-10T07:41:52.2871941Z;946
2024-05-10T07:41:52.3778532Z;90
2024-05-10T07:41:52.4651175Z;86
2024-05-10T07:41:52.5864121Z;120
2024-05-10T07:41:52.7480045Z;161
2024-05-10T07:41:52.8869771Z;138
2024-05-10T07:41:53.1175262Z;229
2024-05-10T07:41:53.3995723Z;281
2024-05-10T07:41:53.9004536Z;500
2024-05-10T07:41:54.0015914Z;93
2024-05-10T07:41:54.0902686Z;88
2024-05-10T07:41:54.1792434Z;88
2024-05-10T07:41:54.2665824Z;86
2024-05-10T07:41:54.3574081Z;90
2024-05-10T07:41:54.5270428Z;169
2024-05-10T07:41:54.6212500Z;93
2024-05-10T07:41:54.7405470Z;118
2024-05-10T07:41:54.8144982Z;73
2024-05-10T07:41:54.9085903Z;93
2024-05-10T07:41:54.9959815Z;87
2024-05-10T07:41:55.0733056Z;76
2024-05-10T07:41:55.1440316Z;70
2024-05-10T07:41:55.7182405Z;573
2024-05-10T07:41:55.9136748Z;195
2024-05-10T07:41:56.1151259Z;201
2024-05-10T07:41:56.7505110Z;635
2024-05-10T07:41:56.8950586Z;144
2024-05-10T07:41:57.0330646Z;137
2024-05-10T07:41:57.1584771Z;125
2024-05-10T07:41:57.2630672Z;104
2024-05-10T07:41:57.4082959Z;144
2024-05-10T07:41:57.5335464Z;124
2024-05-10T07:41:57.6750562Z;141
2024-05-10T07:41:57.7973783Z;121
2024-05-10T07:41:58.0142817Z;216
2024-05-10T07:41:58.1268812Z;112
2024-05-10T07:41:58.2562228Z;129
2024-05-10T07:41:58.4340750Z;177
2024-05-10T07:41:58.6126135Z;178
2024-05-10T07:41:58.7637795Z;150
2024-05-10T07:41:58.8814055Z;117
2024-05-10T07:41:59.1485974Z;266
2024-05-10T07:41:59.4881301Z;339
2024-05-10T07:42:00.4332631Z;944
2024-05-10T07:42:00.9353311Z;501
2024-05-10T07:42:01.0544538Z;118
2024-05-10T07:42:01.1620469Z;107
2024-05-10T07:42:01.2782200Z;115
2024-05-10T07:42:01.5131530Z;234
2024-05-10T07:42:01.7040082Z;190
2024-05-10T07:42:01.8078596Z;103
2024-05-10T07:42:01.9937362Z;185
2024-05-10T07:42:02.1589184Z;164
2024-05-10T07:42:02.3299380Z;170
2024-05-10T07:42:02.6559939Z;325
2024-05-10T07:42:02.9752488Z;318
2024-05-10T07:42:03.4678090Z;492
2024-05-10T07:42:03.6525223Z;184
2024-05-10T07:42:03.7752811Z;122
2024-05-10T07:42:03.9096796Z;134
2024-05-10T07:42:04.0911646Z;181
2024-05-10T07:42:04.2319751Z;139
2024-05-10T07:42:04.4793559Z;247
2024-05-10T07:42:04.6379257Z;158
2024-05-10T07:42:04.9069829Z;268
2024-05-10T07:42:05.0339796Z;126
2024-05-10T07:42:05.2800379Z;245
2024-05-10T07:42:05.4138186Z;133
2024-05-10T07:42:05.5369546Z;122
2024-05-10T07:42:05.8563299Z;318
2024-05-10T07:42:06.0021080Z;145
2024-05-10T07:42:06.2212369Z;218
2024-05-10T07:42:06.7053686Z;483
2024-05-10T07:42:06.8397390Z;134
2024-05-10T07:42:06.9887150Z;148
2024-05-10T07:42:07.2256840Z;236
2024-05-10T07:42:07.5609748Z;334
2024-05-10T07:42:07.6964440Z;135
2024-05-10T07:42:07.8940853Z;197
2024-05-10T07:42:08.0169935Z;122
2024-05-10T07:42:08.1933450Z;175
2024-05-10T07:42:08.3093899Z;115
2024-05-10T07:42:08.6619115Z;350
2024-05-10T07:42:08.8380046Z;175
2024-05-10T07:42:08.9352115Z;96
2024-05-10T07:42:09.2593556Z;322
2024-05-10T07:42:09.4013506Z;139
2024-05-10T07:42:09.5345129Z;132
2024-05-10T07:42:09.7293838Z;194
2024-05-10T07:42:09.9731087Z;243
2024-05-10T07:42:10.1271791Z;152
2024-05-10T07:42:10.4201518Z;292
2024-05-10T07:42:10.5343164Z;113
2024-05-10T07:42:10.7141818Z;179
2024-05-10T07:42:10.8635748Z;147
2024-05-10T07:42:10.9605744Z;95
2024-05-10T07:42:11.0673865Z;106
2024-05-10T07:42:11.1740913Z;106
2024-05-10T07:42:11.2797986Z;104
2024-05-10T07:42:11.4286729Z;147
2024-05-10T07:42:11.6713954Z;242
2024-05-10T07:42:11.9284664Z;256
2024-05-10T07:42:12.0586036Z;129
2024-05-10T07:42:12.1623888Z;103
2024-05-10T07:42:12.4024092Z;239
2024-05-10T07:42:12.6766677Z;273
2024-05-10T07:42:12.8085841Z;129
2024-05-10T07:42:12.9475364Z;138
2024-05-10T07:42:13.0999880Z;152
2024-05-10T07:42:13.2468324Z;123
2024-05-10T07:42:13.4015339Z;154
2024-05-10T07:42:13.5323664Z;130
2024-05-10T07:42:13.6244330Z;91
2024-05-10T07:42:13.7646871Z;139
2024-05-10T07:42:13.9056848Z;130
2024-05-10T07:42:13.9814667Z;75
2024-05-10T07:42:14.1494398Z;167
2024-05-10T07:42:14.2623989Z;112
2024-05-10T07:42:14.4137007Z;150
2024-05-10T07:42:14.5301008Z;115
2024-05-10T07:42:14.6736144Z;143
2024-05-10T07:42:14.8079964Z;134
2024-05-10T07:42:14.9239997Z;115
2024-05-10T07:42:15.0179311Z;93
2024-05-10T07:42:15.1594184Z;141
2024-05-10T07:42:15.2886609Z;128
2024-05-10T07:42:15.4097267Z;120
2024-05-10T07:42:15.5271973Z;117
2024-05-10T07:42:15.6486311Z;120
2024-05-10T07:42:15.8552057Z;205
2024-05-10T07:42:16.0381974Z;181
2024-05-10T07:42:16.2008735Z;162
2024-05-10T07:42:16.3534300Z;145
2024-05-10T07:42:16.4936150Z;139
2024-05-10T07:42:16.7120088Z;218
2024-05-10T07:42:16.8457831Z;133
2024-05-10T07:42:16.9754854Z;129
2024-05-10T07:42:17.1258210Z;149
2024-05-10T07:42:17.2695890Z;142
2024-05-10T07:42:17.4300450Z;160
2024-05-10T07:42:17.5272229Z;96
2024-05-10T07:42:17.6673113Z;139
2024-05-10T07:42:17.7968021Z;129
2024-05-10T07:42:17.9480016Z;150
2024-05-10T07:42:18.0462861Z;97
2024-05-10T07:42:18.1835017Z;136
2024-05-10T07:42:18.3740952Z;190
2024-05-10T07:42:18.5170832Z;142
2024-05-10T07:42:18.7356271Z;218
2024-05-10T07:42:18.9305537Z;194
2024-05-10T07:42:19.1037059Z;172
2024-05-10T07:42:19.3629383Z;258
2024-05-10T07:42:19.5807554Z;217
2024-05-10T07:42:19.9950924Z;413
2024-05-10T07:42:20.3992811Z;403
2024-05-10T07:42:20.8412862Z;441
2024-05-10T07:42:21.0797993Z;237
2024-05-10T07:42:21.2412907Z;161
2024-05-10T07:42:21.3544617Z;112
2024-05-10T07:42:21.5516871Z;196
2024-05-10T07:42:21.6879756Z;135
2024-05-10T07:42:21.9557507Z;267
2024-05-10T07:42:22.0658330Z;109
2024-05-10T07:42:22.1743867Z;108
2024-05-10T07:42:22.3093414Z;134
2024-05-10T07:42:22.4614447Z;151
2024-05-10T07:42:22.6905733Z;228
2024-05-10T07:42:22.8319786Z;141
2024-05-10T07:42:23.0673504Z;235
2024-05-10T07:42:23.3286989Z;261
2024-05-10T07:42:23.4331256Z;104
2024-05-10T07:42:23.5509408Z;117
2024-05-10T07:42:23.7553411Z;194
2024-05-10T07:42:23.8982233Z;142
2024-05-10T07:42:24.0162549Z;117
2024-05-10T07:42:24.1466818Z;87
2024-05-10T07:42:24.2917545Z;143
2024-05-10T07:42:24.4294328Z;137
2024-05-10T07:42:24.5441514Z;114
2024-05-10T07:42:24.7315472Z;186
2024-05-10T07:42:24.8637240Z;131
2024-05-10T07:42:25.0006283Z;136
2024-05-10T07:42:25.2054382Z;204
2024-05-10T07:42:25.2980186Z;92
2024-05-10T07:42:25.5233042Z;224
2024-05-10T07:42:25.8172510Z;286
2024-05-10T07:42:26.1048754Z;287
2024-05-10T07:42:26.2291384Z;123
2024-05-10T07:42:26.3929298Z;163
2024-05-10T07:42:26.8095392Z;416
2024-05-10T07:42:27.0106379Z;200
2024-05-10T07:42:27.2177301Z;206
2024-05-10T07:42:27.5483096Z;330
2024-05-10T07:42:27.7299499Z;181
2024-05-10T07:42:27.9197873Z;188
2024-05-10T07:42:28.0870915Z;166
2024-05-10T07:42:28.2831121Z;195
2024-05-10T07:42:28.6146489Z;331
2024-05-10T07:42:28.9234470Z;308
2024-05-10T07:42:29.1298878Z;200
2024-05-10T07:42:29.5649820Z;434
2024-05-10T07:42:29.7485579Z;177
2024-05-10T07:42:29.9084777Z;158
2024-05-10T07:42:30.0691214Z;160
2024-05-10T07:42:30.2120473Z;142
2024-05-10T07:42:30.5164815Z;303
2024-05-10T07:42:30.7527590Z;235
2024-05-10T07:42:30.8843708Z;131
2024-05-10T07:42:31.1144984Z;229
2024-05-10T07:42:31.3493904Z;233
2024-05-10T07:42:31.4926388Z;142
2024-05-10T07:42:31.7212584Z;228
2024-05-10T07:42:31.9480307Z;226
2024-05-10T07:42:32.1587635Z;210
2024-05-10T07:42:32.2829970Z;123
2024-05-10T07:42:32.5345784Z;251
2024-05-10T07:42:32.7488191Z;213
2024-05-10T07:42:32.8470313Z;97
2024-05-10T07:42:33.0024573Z;155
2024-05-10T07:42:33.2186469Z;215
2024-05-10T07:42:33.2925468Z;73
2024-05-10T07:42:33.4902795Z;196
2024-05-10T07:42:33.6556375Z;164
2024-05-10T07:42:33.7530496Z;97
2024-05-10T07:42:33.9071637Z;146
2024-05-10T07:42:34.0100087Z;102
2024-05-10T07:42:34.1226534Z;112
2024-05-10T07:42:34.2352309Z;106
2024-05-10T07:42:34.3528775Z;117
2024-05-10T07:42:34.4605810Z;107
2024-05-10T07:42:34.5816497Z;116
2024-05-10T07:42:34.6806415Z;98
2024-05-10T07:42:34.7762747Z;95
2024-05-10T07:42:34.8997637Z;123
2024-05-10T07:42:35.0047117Z;104
2024-05-10T07:42:35.1317372Z;126
2024-05-10T07:42:35.2368502Z;104
2024-05-10T07:42:35.3179313Z;80
2024-05-10T07:42:35.4434665Z;125
2024-05-10T07:42:35.5317390Z;87
2024-05-10T07:42:35.6421722Z;110
2024-05-10T07:42:35.7948572Z;152
2024-05-10T07:42:35.9232177Z;119
2024-05-10T07:42:36.1578637Z;234
2024-05-10T07:42:36.3161500Z;157
2024-05-10T07:42:36.5119052Z;195
2024-05-10T07:42:36.6937120Z;181
2024-05-10T07:42:36.9027848Z;208
2024-05-10T07:42:37.0727996Z;169
2024-05-10T07:42:37.1924550Z;119
2024-05-10T07:42:37.3301504Z;137
2024-05-10T07:42:37.4643901Z;134
2024-05-10T07:42:37.6915560Z;226
2024-05-10T07:42:37.8447794Z;152
2024-05-10T07:42:37.9198989Z;74
2024-05-10T07:42:38.0419564Z;121
2024-05-10T07:42:38.1767869Z;134
2024-05-10T07:42:38.3059642Z;128
2024-05-10T07:42:38.3990066Z;92
2024-05-10T07:42:38.4915579Z;92
2024-05-10T07:42:38.5996728Z;107
2024-05-10T07:42:38.7688880Z;160
2024-05-10T07:42:38.9291861Z;159
2024-05-10T07:42:39.0993628Z;169
2024-05-10T07:42:39.2668682Z;166
2024-05-10T07:42:39.4349073Z;163
2024-05-10T07:42:39.5719307Z;136
2024-05-10T07:42:39.6795673Z;107
2024-05-10T07:42:39.7871463Z;107
2024-05-10T07:42:39.8633217Z;75
2024-05-10T07:42:39.9881613Z;124
2024-05-10T07:42:40.0605529Z;71
2024-05-10T07:42:40.1593249Z;98
2024-05-10T07:42:40.2641875Z;104
2024-05-10T07:42:40.3893344Z;124
2024-05-10T07:42:40.5313549Z;111
2024-05-10T07:42:40.6564954Z;124
2024-05-10T07:42:40.8189547Z;162
2024-05-10T07:42:40.9338589Z;113
2024-05-10T07:42:41.0613471Z;127
2024-05-10T07:42:41.1912479Z;129
2024-05-10T07:42:41.3230104Z;131
2024-05-10T07:42:41.4357294Z;112
2024-05-10T07:42:41.5673011Z;131
2024-05-10T07:42:41.6989182Z;131
2024-05-10T07:42:41.8721173Z;172
2024-05-10T07:42:41.9708009Z;98
2024-05-10T07:42:42.0911307Z;120
2024-05-10T07:42:42.2287424Z;135
2024-05-10T07:42:42.3321452Z;103
2024-05-10T07:42:42.4058438Z;73
2024-05-10T07:42:42.4955229Z;89
2024-05-10T07:42:42.7992119Z;303
2024-05-10T07:42:42.9072986Z;105
2024-05-10T07:42:43.0178743Z;110
2024-05-10T07:42:43.1993489Z;181
2024-05-10T07:42:43.3052479Z;105
2024-05-10T07:42:43.4211536Z;115
2024-05-10T07:42:43.5253653Z;103
2024-05-10T07:42:43.6366853Z;110
2024-05-10T07:42:43.7505641Z;113
2024-05-10T07:42:43.8527192Z;101
2024-05-10T07:42:43.9535768Z;99
2024-05-10T07:42:44.0961722Z;142
2024-05-10T07:42:44.2035005Z;106
2024-05-10T07:42:44.3605988Z;156
2024-05-10T07:42:44.5035957Z;142
2024-05-10T07:42:44.6620110Z;156
2024-05-10T07:42:44.8296479Z;167
2024-05-10T07:42:44.9493311Z;119
2024-05-10T07:42:45.0685325Z;118
2024-05-10T07:42:45.2041283Z;135
2024-05-10T07:42:45.3442806Z;139
2024-05-10T07:42:45.4419062Z;97
2024-05-10T07:42:45.5942443Z;151
2024-05-10T07:42:45.7073456Z;112
2024-05-10T07:42:45.8343493Z;126
2024-05-10T07:42:45.9508208Z;112
2024-05-10T07:42:46.1043207Z;152
2024-05-10T07:42:46.2297036Z;125
2024-05-10T07:42:46.3438853Z;112
2024-05-10T07:42:46.4697955Z;125
2024-05-10T07:42:46.5553824Z;85
2024-05-10T07:42:46.6713191Z;115
2024-05-10T07:42:46.8880942Z;216
2024-05-10T07:42:46.9654139Z;76
2024-05-10T07:42:47.0612415Z;95
2024-05-10T07:42:47.2006332Z;139
2024-05-10T07:42:47.3077371Z;106
2024-05-10T07:42:47.4397852Z;131
2024-05-10T07:42:47.5237941Z;83
2024-05-10T07:42:47.6138614Z;89
2024-05-10T07:42:47.7039091Z;89
2024-05-10T07:42:47.8081856Z;103
2024-05-10T07:42:47.9188596Z;109
2024-05-10T07:42:48.0005285Z;81
2024-05-10T07:42:48.1921727Z;191
2024-05-10T07:42:48.3016700Z;108
2024-05-10T07:42:48.4225674Z;120
2024-05-10T07:42:48.5530537Z;130
2024-05-10T07:42:48.6603048Z;106
2024-05-10T07:42:48.7974496Z;136
2024-05-10T07:42:48.9354478Z;137
2024-05-10T07:42:49.0601934Z;124
2024-05-10T07:42:49.2046657Z;144
2024-05-10T07:42:49.3316419Z;126
2024-05-10T07:42:49.4886023Z;156
2024-05-10T07:42:49.6379497Z;148
2024-05-10T07:42:49.7893579Z;151
2024-05-10T07:42:49.9508282Z;161
2024-05-10T07:42:50.0522549Z;101
2024-05-10T07:42:50.1838691Z;131
2024-05-10T07:42:50.2688085Z;84
2024-05-10T07:42:50.4167052Z;146
2024-05-10T07:42:50.5090167Z;91
2024-05-10T07:42:50.5835788Z;74
2024-05-10T07:42:50.7035243Z;119
2024-05-10T07:42:50.8077615Z;103
2024-05-10T07:42:50.9766472Z;168
2024-05-10T07:42:51.1654830Z;188
2024-05-10T07:42:51.2507777Z;84
2024-05-10T07:42:51.3583419Z;107
2024-05-10T07:42:51.5953580Z;236
2024-05-10T07:42:51.7011770Z;105
2024-05-10T07:42:51.8026098Z;100
2024-05-10T07:42:51.9214353Z;118
2024-05-10T07:42:52.0231852Z;101
2024-05-10T07:42:52.1312366Z;107
2024-05-10T07:42:52.2741123Z;136
2024-05-10T07:42:52.4061260Z;131
2024-05-10T07:42:52.5334633Z;126
2024-05-10T07:42:52.6779080Z;144
2024-05-10T07:42:52.8171728Z;138
2024-05-10T07:42:52.9145064Z;97
2024-05-10T07:42:53.0759540Z;161
2024-05-10T07:42:53.2836479Z;207
2024-05-10T07:42:53.3750185Z;91
2024-05-10T07:42:53.4907888Z;114
2024-05-10T07:42:53.6204574Z;129
2024-05-10T07:42:53.7553541Z;134
2024-05-10T07:42:53.8819441Z;126
2024-05-10T07:42:54.0248144Z;142
2024-05-10T07:42:54.1577284Z;132
2024-05-10T07:42:54.2319734Z;73
2024-05-10T07:42:54.3411093Z;107
2024-05-10T07:42:54.4505770Z;97
2024-05-10T07:42:54.5582526Z;107
2024-05-10T07:42:54.6742472Z;115
2024-05-10T07:42:54.7749980Z;100
2024-05-10T07:42:54.8649280Z;89
2024-05-10T07:42:54.9467520Z;81
2024-05-10T07:42:55.0335921Z;86
2024-05-10T07:42:55.1234856Z;89
2024-05-10T07:42:55.2537334Z;129
2024-05-10T07:42:55.3576109Z;103
2024-05-10T07:42:55.5309347Z;173
2024-05-10T07:42:55.6773656Z;146
2024-05-10T07:42:55.7849332Z;107
2024-05-10T07:42:55.8884268Z;103
2024-05-10T07:42:55.9726685Z;83
2024-05-10T07:42:56.0512353Z;78
2024-05-10T07:42:56.1800626Z;128
2024-05-10T07:42:56.2971749Z;116
2024-05-10T07:42:56.4224876Z;125
2024-05-10T07:42:56.5956716Z;172
2024-05-10T07:42:56.7293029Z;133
2024-05-10T07:42:56.9024422Z;138
2024-05-10T07:42:57.0729701Z;170
2024-05-10T07:42:57.1949286Z;121
2024-05-10T07:42:57.3061132Z;110
2024-05-10T07:42:57.4423505Z;135
2024-05-10T07:42:57.5802593Z;137
2024-05-10T07:42:57.6941158Z;113
2024-05-10T07:42:57.8673243Z;172
2024-05-10T07:42:57.9398847Z;71
2024-05-10T07:42:58.0596765Z;119
2024-05-10T07:42:58.1770239Z;117
2024-05-10T07:42:58.2621029Z;84
2024-05-10T07:42:58.3371463Z;74
2024-05-10T07:42:58.4217237Z;84
2024-05-10T07:42:58.4991524Z;77
2024-05-10T07:42:58.5923786Z;92
2024-05-10T07:42:58.6906235Z;97
2024-05-10T07:42:58.7801069Z;89
2024-05-10T07:42:58.8737115Z;93
2024-05-10T07:42:58.9897316Z;110
2024-05-10T07:42:59.0906539Z;100
2024-05-10T07:42:59.2014931Z;110
2024-05-10T07:42:59.3408623Z;139
2024-05-10T07:42:59.4637546Z;122
2024-05-10T07:42:59.5947534Z;130
2024-05-10T07:42:59.6896650Z;93
2024-05-10T07:42:59.7695466Z;79
2024-05-10T07:42:59.8468480Z;76
2024-05-10T07:42:59.9495384Z;102
2024-05-10T07:43:00.1309819Z;180
2024-05-10T07:43:00.3027614Z;170
2024-05-10T07:43:00.5408424Z;237
2024-05-10T07:43:00.6980193Z;156
2024-05-10T07:43:00.8043157Z;105
2024-05-10T07:43:00.9290760Z;124
2024-05-10T07:43:01.0971503Z;167
2024-05-10T07:43:01.2407975Z;143
2024-05-10T07:43:01.3443619Z;103
2024-05-10T07:43:01.4645310Z;118
2024-05-10T07:43:01.6581352Z;193
2024-05-10T07:43:01.7833809Z;124
2024-05-10T07:43:01.9353620Z;151
2024-05-10T07:43:02.0565259Z;120
2024-05-10T07:43:02.1761130Z;118
2024-05-10T07:43:02.3457631Z;106
2024-05-10T07:43:02.4540065Z;107
2024-05-10T07:43:02.5380406Z;83
2024-05-10T07:43:02.6946588Z;155
2024-05-10T07:43:02.7776339Z;82
2024-05-10T07:43:02.8684640Z;90
2024-05-10T07:43:03.0239421Z;154
2024-05-10T07:43:03.1302615Z;105
2024-05-10T07:43:03.2398406Z;109
2024-05-10T07:43:03.3373403Z;97
2024-05-10T07:43:03.4650224Z;127
2024-05-10T07:43:03.5732423Z;107
2024-05-10T07:43:03.6701549Z;96
2024-05-10T07:43:03.7826519Z;112
2024-05-10T07:43:03.8847178Z;101
2024-05-10T07:43:03.9709873Z;78
2024-05-10T07:43:04.0662034Z;94
2024-05-10T07:43:04.1917879Z;125
2024-05-10T07:43:04.3446616Z;152
2024-05-10T07:43:04.5036153Z;158
2024-05-10T07:43:04.7143466Z;210
2024-05-10T07:43:04.8477879Z;133
2024-05-10T07:43:04.9563751Z;108
2024-05-10T07:43:05.1528679Z;196
2024-05-10T07:43:05.2815573Z;128
2024-05-10T07:43:05.4167607Z;134
2024-05-10T07:43:05.5607673Z;143
2024-05-10T07:43:05.7008444Z;139
2024-05-10T07:43:05.8441271Z;142
2024-05-10T07:43:06.0027638Z;156
2024-05-10T07:43:06.1107887Z;107
2024-05-10T07:43:06.2127413Z;95
2024-05-10T07:43:06.3188051Z;105
2024-05-10T07:43:06.4087201Z;89
2024-05-10T07:43:06.5023286Z;93
2024-05-10T07:43:06.5926628Z;89
2024-05-10T07:43:06.7151979Z;122
2024-05-10T07:43:06.8272064Z;111
2024-05-10T07:43:06.9546793Z;126
2024-05-10T07:43:07.0291084Z;73
2024-05-10T07:43:07.1084449Z;77
2024-05-10T07:43:07.2178692Z;108
2024-05-10T07:43:07.3169086Z;98
2024-05-10T07:43:07.4004494Z;83
2024-05-10T07:43:07.5049432Z;104
2024-05-10T07:43:07.5927412Z;87
2024-05-10T07:43:07.6798067Z;86
2024-05-10T07:43:07.8092190Z;104
2024-05-10T07:43:07.8949194Z;85
2024-05-10T07:43:08.0026211Z;107
2024-05-10T07:43:08.1996962Z;196
2024-05-10T07:43:08.2990152Z;99
2024-05-10T07:43:08.4197257Z;120
2024-05-10T07:43:08.5464697Z;126
2024-05-10T07:43:08.6846404Z;137
2024-05-10T07:43:08.8176399Z;132
2024-05-10T07:43:08.9447733Z;126
2024-05-10T07:43:09.0544993Z;109
2024-05-10T07:43:09.1862852Z;131
2024-05-10T07:43:09.3167117Z;130
2024-05-10T07:43:09.4567891Z;139
2024-05-10T07:43:09.7275267Z;270
2024-05-10T07:43:09.8924800Z;164
2024-05-10T07:43:09.9839935Z;91
2024-05-10T07:43:10.0812254Z;96
2024-05-10T07:43:10.1988778Z;117
2024-05-10T07:43:10.3097879Z;110
2024-05-10T07:43:10.4344803Z;123
2024-05-10T07:43:10.5536027Z;118
2024-05-10T07:43:10.6411552Z;87
2024-05-10T07:43:10.7619777Z;120
2024-05-10T07:43:10.8927064Z;130
2024-05-10T07:43:10.9974444Z;104
2024-05-10T07:43:11.0675389Z;69
2024-05-10T07:43:11.2236931Z;155
2024-05-10T07:43:11.3249602Z;99
2024-05-10T07:43:11.4106395Z;85
2024-05-10T07:43:11.4998226Z;88
2024-05-10T07:43:11.6741777Z;174
2024-05-10T07:43:11.7922280Z;117
2024-05-10T07:43:11.9552274Z;162
2024-05-10T07:43:12.0426382Z;87
2024-05-10T07:43:12.1349915Z;91
2024-05-10T07:43:12.2362813Z;100
2024-05-10T07:43:12.3114946Z;74
2024-05-10T07:43:12.4487969Z;136
2024-05-10T07:43:12.5688402Z;119
2024-05-10T07:43:12.7113063Z;142
2024-05-10T07:43:12.8427789Z;131
2024-05-10T07:43:12.9619732Z;118
2024-05-10T07:43:13.1432959Z;180
2024-05-10T07:43:13.3065994Z;162
2024-05-10T07:43:13.4137963Z;104
2024-05-10T07:43:13.5332743Z;119
2024-05-10T07:43:13.6674853Z;133
2024-05-10T07:43:13.8021415Z;133
2024-05-10T07:43:13.9291872Z;126
2024-05-10T07:43:14.0106079Z;80
2024-05-10T07:43:14.1506405Z;133
2024-05-10T07:43:14.2812622Z;130
2024-05-10T07:43:14.3869280Z;105
2024-05-10T07:43:14.4914099Z;98
2024-05-10T07:43:14.5768060Z;85
2024-05-10T07:43:14.6723498Z;95
2024-05-10T07:43:14.7684889Z;95
2024-05-10T07:43:14.8700038Z;100
2024-05-10T07:43:14.9750782Z;104
2024-05-10T07:43:15.0609301Z;85
2024-05-10T07:43:15.1690775Z;107
2024-05-10T07:43:15.3012516Z;131
2024-05-10T07:43:15.3885016Z;86
2024-05-10T07:43:15.4692358Z;80
2024-05-10T07:43:15.5769461Z;107
2024-05-10T07:43:15.6772878Z;99
2024-05-10T07:43:15.8358395Z;158
2024-05-10T07:43:15.9476491Z;89
2024-05-10T07:43:16.0378459Z;85
2024-05-10T07:43:16.1314650Z;93
2024-05-10T07:43:16.2410291Z;103
2024-05-10T07:43:16.3939739Z;152
2024-05-10T07:43:16.5405546Z;146
2024-05-10T07:43:16.6566907Z;115
2024-05-10T07:43:16.7832340Z;126
2024-05-10T07:43:16.9999581Z;216
2024-05-10T07:43:17.1249309Z;124
2024-05-10T07:43:17.2697283Z;144
2024-05-10T07:43:17.4091673Z;139
2024-05-10T07:43:17.5387991Z;129
2024-05-10T07:43:17.6440492Z;104
2024-05-10T07:43:17.8090111Z;163
2024-05-10T07:43:17.9691105Z;155
2024-05-10T07:43:18.0876723Z;117
2024-05-10T07:43:18.2321640Z;143
2024-05-10T07:43:18.3363731Z;103
2024-05-10T07:43:18.4235127Z;86
2024-05-10T07:43:18.5210911Z;97
2024-05-10T07:43:18.6208305Z;99
2024-05-10T07:43:18.7916984Z;170
2024-05-10T07:43:18.8984480Z;106
2024-05-10T07:43:18.9730027Z;74
2024-05-10T07:43:19.0459029Z;72
2024-05-10T07:43:19.1714197Z;125
2024-05-10T07:43:19.2676279Z;95
2024-05-10T07:43:19.3496998Z;81
2024-05-10T07:43:19.4469446Z;96
2024-05-10T07:43:19.6437743Z;196
2024-05-10T07:43:19.8133334Z;169
2024-05-10T07:43:19.9127012Z;98
2024-05-10T07:43:20.0036109Z;88
2024-05-10T07:43:20.1276620Z;123
2024-05-10T07:43:20.2048944Z;76
2024-05-10T07:43:20.3436196Z;138
2024-05-10T07:43:20.4896393Z;145
2024-05-10T07:43:20.6235545Z;133
2024-05-10T07:43:20.8088138Z;184
2024-05-10T07:43:20.9348434Z;125
2024-05-10T07:43:21.0553853Z;120
2024-05-10T07:43:21.1841203Z;128
2024-05-10T07:43:21.3460066Z;161
2024-05-10T07:43:21.5041758Z;130
2024-05-10T07:43:21.7111976Z;206
2024-05-10T07:43:21.9366389Z;225
2024-05-10T07:43:22.0828205Z;144
2024-05-10T07:43:22.2770971Z;193
2024-05-10T07:43:22.4479918Z;170
2024-05-10T07:43:22.5585363Z;110
2024-05-10T07:43:22.6484538Z;89
2024-05-10T07:43:22.7559709Z;107
2024-05-10T07:43:22.8367852Z;80
2024-05-10T07:43:22.9332319Z;95
2024-05-10T07:43:23.0470610Z;113
2024-05-10T07:43:23.2477383Z;200
2024-05-10T07:43:23.3846805Z;136
2024-05-10T07:43:23.5719194Z;186
2024-05-10T07:43:23.6702368Z;97
2024-05-10T07:43:23.7996368Z;129
2024-05-10T07:43:23.9307894Z;130
2024-05-10T07:43:24.0214790Z;90
2024-05-10T07:43:24.1164214Z;92
2024-05-10T07:43:24.2386163Z;121
2024-05-10T07:43:24.3428031Z;103
2024-05-10T07:43:24.4382419Z;94
2024-05-10T07:43:24.5272896Z;88
2024-05-10T07:43:24.6774794Z;149
2024-05-10T07:43:24.7746343Z;96
2024-05-10T07:43:24.9573991Z;182
2024-05-10T07:43:25.0680075Z;110
2024-05-10T07:43:25.1899574Z;121
2024-05-10T07:43:25.3237669Z;133
2024-05-10T07:43:25.4421120Z;117
2024-05-10T07:43:25.5829464Z;140
2024-05-10T07:43:25.7128057Z;129
2024-05-10T07:43:25.8035204Z;90
2024-05-10T07:43:25.9927777Z;188
2024-05-10T07:43:26.1702863Z;177
2024-05-10T07:43:26.2818083Z;111
2024-05-10T07:43:26.3989283Z;116
2024-05-10T07:43:26.5416767Z;142
2024-05-10T07:43:26.6332589Z;91
2024-05-10T07:43:26.7473581Z;112
2024-05-10T07:43:26.9406215Z;173
2024-05-10T07:43:27.0669435Z;126
2024-05-10T07:43:27.1674727Z;100
2024-05-10T07:43:27.2645280Z;96
2024-05-10T07:43:27.3862262Z;121
2024-05-10T07:43:27.5035422Z;117
2024-05-10T07:43:27.6188428Z;114
2024-05-10T07:43:27.7357598Z;116
2024-05-10T07:43:27.8524002Z;116
2024-05-10T07:43:27.9406205Z;87
2024-05-10T07:43:28.0619738Z;115
2024-05-10T07:43:28.1942288Z;131
2024-05-10T07:43:28.2699804Z;75
2024-05-10T07:43:28.3942955Z;124
2024-05-10T07:43:28.4751913Z;80
2024-05-10T07:43:28.6146097Z;139
2024-05-10T07:43:28.7498701Z;134
2024-05-10T07:43:28.8805764Z;130
2024-05-10T07:43:29.0217543Z;140
2024-05-10T07:43:29.1434104Z;119
2024-05-10T07:43:29.3303633Z;186
2024-05-10T07:43:29.4270913Z;96
2024-05-10T07:43:29.5830972Z;155
2024-05-10T07:43:29.7197024Z;136
2024-05-10T07:43:29.8450393Z;125
2024-05-10T07:43:29.9839689Z;138
2024-05-10T07:43:30.1011865Z;116
2024-05-10T07:43:30.2081252Z;106
2024-05-10T07:43:30.3408149Z;132
2024-05-10T07:43:30.4497842Z;108
2024-05-10T07:43:30.5358807Z;85
2024-05-10T07:43:30.6493660Z;111
2024-05-10T07:43:30.7498003Z;100
2024-05-10T07:43:30.8325839Z;82
2024-05-10T07:43:30.9990585Z;132
2024-05-10T07:43:31.0787830Z;79
2024-05-10T07:43:31.1672913Z;88
2024-05-10T07:43:31.2703930Z;102
2024-05-10T07:43:31.3599259Z;89
2024-05-10T07:43:31.4473046Z;86
2024-05-10T07:43:31.5893935Z;141
2024-05-10T07:43:31.7066548Z;116
2024-05-10T07:43:31.7989910Z;92
2024-05-10T07:43:31.9285048Z;129
2024-05-10T07:43:32.0405128Z;111
2024-05-10T07:43:32.1745726Z;132
2024-05-10T07:43:32.2787889Z;102
2024-05-10T07:43:32.4131909Z;130
2024-05-10T07:43:32.5626159Z;148
2024-05-10T07:43:32.6971444Z;133
2024-05-10T07:43:32.8092186Z;111
2024-05-10T07:43:32.9358458Z;126
2024-05-10T07:43:33.0468634Z;110
2024-05-10T07:43:33.2257937Z;178
2024-05-10T07:43:33.3751669Z;149
2024-05-10T07:43:33.4409133Z;65
2024-05-10T07:43:33.5868356Z;145
2024-05-10T07:43:33.6617183Z;73
2024-05-10T07:43:33.8063407Z;143
2024-05-10T07:43:33.9081623Z;101
2024-05-10T07:43:34.0426321Z;133
2024-05-10T07:43:34.1424827Z;95
2024-05-10T07:43:34.2873868Z;144
2024-05-10T07:43:34.3662686Z;78
2024-05-10T07:43:34.4729415Z;106
2024-05-10T07:43:34.5758171Z;101
2024-05-10T07:43:34.6761819Z;99
2024-05-10T07:43:34.7735058Z;95
2024-05-10T07:43:34.8710878Z;97
2024-05-10T07:43:34.9443427Z;72
2024-05-10T07:43:35.0593980Z;114
2024-05-10T07:43:35.1737040Z;114
2024-05-10T07:43:35.2870921Z;113
2024-05-10T07:43:35.3860819Z;98
2024-05-10T07:43:35.4894995Z;103
2024-05-10T07:43:35.5701869Z;80
2024-05-10T07:43:35.6554005Z;83
2024-05-10T07:43:35.7500764Z;94
2024-05-10T07:43:35.8398089Z;88
2024-05-10T07:43:35.9859720Z;144
2024-05-10T07:43:36.1098119Z;123
2024-05-10T07:43:36.2004218Z;90
2024-05-10T07:43:36.2978162Z;96
2024-05-10T07:43:36.4688136Z;170
2024-05-10T07:43:36.5440360Z;74
2024-05-10T07:43:36.6703521Z;125
2024-05-10T07:43:36.7879801Z;117
2024-05-10T07:43:36.9281636Z;139
2024-05-10T07:43:37.0735675Z;145
2024-05-10T07:43:37.2119695Z;138
2024-05-10T07:43:37.3407844Z;128
2024-05-10T07:43:37.4640301Z;122
2024-05-10T07:43:37.5731765Z;102
2024-05-10T07:43:37.6707715Z;96
2024-05-10T07:43:37.7743789Z;103
2024-05-10T07:43:37.8674024Z;92
2024-05-10T07:43:37.9590914Z;91
2024-05-10T07:43:38.0525053Z;92
2024-05-10T07:43:38.1580876Z;105
2024-05-10T07:43:38.2347189Z;75
2024-05-10T07:43:38.3195877Z;84
2024-05-10T07:43:38.4340271Z;114
2024-05-10T07:43:38.5180052Z;83
2024-05-10T07:43:38.6086917Z;90
2024-05-10T07:43:38.7480118Z;138
2024-05-10T07:43:38.8219058Z;72
2024-05-10T07:43:38.9127621Z;90
2024-05-10T07:43:39.0265232Z;112
2024-05-10T07:43:39.1245017Z;97
2024-05-10T07:43:39.2052269Z;80
2024-05-10T07:43:39.3450004Z;139
2024-05-10T07:43:39.4744614Z;129
2024-05-10T07:43:39.5868959Z;112
2024-05-10T07:43:39.7138070Z;126
2024-05-10T07:43:39.8441289Z;129
2024-05-10T07:43:39.9687974Z;124
2024-05-10T07:43:40.1325704Z;163
2024-05-10T07:43:40.2270761Z;94
2024-05-10T07:43:40.3536572Z;126
2024-05-10T07:43:40.4722212Z;118
2024-05-10T07:43:40.6060600Z;132
2024-05-10T07:43:40.7418719Z;135
2024-05-10T07:43:42.5591644Z;1816
2024-05-10T07:43:43.3574008Z;797
2024-05-10T07:43:43.4856517Z;127
2024-05-10T07:43:43.6389074Z;152
2024-05-10T07:43:43.8107439Z;162
2024-05-10T07:43:43.9143091Z;103
2024-05-10T07:43:44.0100430Z;95
2024-05-10T07:43:44.0972587Z;86
2024-05-10T07:43:44.2061397Z;108
2024-05-10T07:43:44.3158081Z;108
2024-05-10T07:43:44.4031804Z;87
2024-05-10T07:43:44.5242581Z;120
2024-05-10T07:43:44.6072273Z;82
2024-05-10T07:43:44.7495106Z;141
2024-05-10T07:43:44.8501138Z;100
2024-05-10T07:43:44.9622142Z;111
2024-05-10T07:43:45.0618739Z;99
2024-05-10T07:43:45.1700488Z;107
2024-05-10T07:43:45.2804674Z;110
2024-05-10T07:43:45.3826454Z;101
2024-05-10T07:43:45.4830611Z;99
2024-05-10T07:43:45.6413508Z;156
2024-05-10T07:43:45.7608620Z;118
2024-05-10T07:43:45.8645104Z;103
2024-05-10T07:43:46.0542426Z;185
2024-05-10T07:43:46.2687537Z;214
2024-05-10T07:43:46.3610064Z;91
2024-05-10T07:43:46.5544580Z;193
2024-05-10T07:43:46.6296333Z;73
2024-05-10T07:43:46.8332300Z;203
2024-05-10T07:43:46.9024787Z;68
2024-05-10T07:43:47.1100448Z;207
2024-05-10T07:43:47.1990114Z;88
2024-05-10T07:43:47.3318025Z;132
2024-05-10T07:43:47.4675785Z;134
2024-05-10T07:43:47.5611730Z;93
2024-05-10T07:43:47.6644469Z;103
2024-05-10T07:43:47.7810135Z;116
2024-05-10T07:43:47.9087318Z;127
2024-05-10T07:43:48.0095627Z;100
2024-05-10T07:43:48.1378394Z;127
2024-05-10T07:43:48.2497687Z;105
2024-05-10T07:43:48.3525611Z;102
2024-05-10T07:43:48.4469698Z;94
2024-05-10T07:43:48.5589446Z;111
2024-05-10T07:43:48.6449350Z;85
2024-05-10T07:43:48.7391637Z;93
2024-05-10T07:43:48.8262638Z;86
2024-05-10T07:43:48.9540734Z;127
2024-05-10T07:43:49.0381973Z;83
2024-05-10T07:43:49.1417447Z;102
2024-05-10T07:43:49.2494882Z;107
2024-05-10T07:43:49.3658122Z;115
2024-05-10T07:43:49.5064438Z;140
2024-05-10T07:43:49.6306689Z;123
2024-05-10T07:43:49.7692273Z;138
2024-05-10T07:43:49.9025559Z;132
2024-05-10T07:43:50.0609043Z;157
2024-05-10T07:43:50.1880124Z;125
2024-05-10T07:43:50.2953748Z;107
2024-05-10T07:43:50.4356773Z;134
2024-05-10T07:43:50.5485621Z;112
2024-05-10T07:43:50.7356067Z;186
2024-05-10T07:43:50.8372463Z;101
2024-05-10T07:43:50.9553606Z;117
2024-05-10T07:43:51.0969136Z;141
2024-05-10T07:43:51.2438582Z;146
2024-05-10T07:43:51.3334486Z;89
2024-05-10T07:43:51.4389573Z;103
2024-05-10T07:43:51.5842302Z;143
2024-05-10T07:43:51.7153110Z;130
2024-05-10T07:43:51.8093657Z;93
2024-05-10T07:43:51.9150503Z;105
2024-05-10T07:43:52.0313786Z;115
2024-05-10T07:43:52.1297423Z;97
2024-05-10T07:43:52.2155374Z;85
2024-05-10T07:43:52.3225973Z;106
2024-05-10T07:43:52.4075999Z;84
2024-05-10T07:43:52.5164475Z;107
2024-05-10T07:43:52.7003847Z;183
2024-05-10T07:43:52.9705646Z;269
2024-05-10T07:43:53.2226459Z;251
2024-05-10T07:43:53.3371238Z;114
2024-05-10T07:43:53.4474842Z;109
2024-05-10T07:43:53.5896398Z;141
2024-05-10T07:43:53.7265187Z;136
2024-05-10T07:43:53.8611809Z;134
2024-05-10T07:43:53.9917683Z;130
2024-05-10T07:43:54.1016096Z;109
2024-05-10T07:43:54.2047814Z;102
2024-05-10T07:43:54.3691696Z;164
2024-05-10T07:43:54.5004085Z;129
2024-05-10T07:43:54.6103402Z;109
2024-05-10T07:43:54.7213469Z;103
2024-05-10T07:43:54.8799516Z;158
2024-05-10T07:43:54.9641553Z;83
2024-05-10T07:43:55.0679831Z;103
2024-05-10T07:43:55.1761326Z;107
2024-05-10T07:43:55.2846979Z;108
2024-05-10T07:43:55.3822072Z;97
2024-05-10T07:43:55.4830406Z;83
2024-05-10T07:43:55.5881075Z;103
2024-05-10T07:43:55.6880913Z;99
2024-05-10T07:43:55.7924065Z;103
2024-05-10T07:43:55.8840761Z;89
2024-05-10T07:43:55.9854343Z;100
2024-05-10T07:43:56.1401447Z;154
2024-05-10T07:43:56.2595856Z;117
2024-05-10T07:43:56.3737675Z;113
2024-05-10T07:43:56.4862907Z;112
2024-05-10T07:43:56.5832990Z;96
2024-05-10T07:43:56.6921932Z;107
2024-05-10T07:43:56.7818750Z;89
2024-05-10T07:43:56.8874708Z;105
2024-05-10T07:43:56.9845892Z;96
2024-05-10T07:43:57.0603822Z;75
2024-05-10T07:43:57.2250672Z;162
2024-05-10T07:43:57.3465274Z;120
2024-05-10T07:43:57.4619584Z;115
2024-05-10T07:43:57.5812898Z;119
2024-05-10T07:43:57.7070861Z;125
2024-05-10T07:43:57.8579604Z;150
2024-05-10T07:43:58.0055322Z;147
2024-05-10T07:43:58.1796523Z;173
2024-05-10T07:43:58.2598310Z;79
2024-05-10T07:43:58.3778076Z;117
2024-05-10T07:43:58.5062432Z;127
2024-05-10T07:43:58.6229894Z;116
2024-05-10T07:43:58.7343724Z;111
2024-05-10T07:43:58.8531098Z;118
2024-05-10T07:43:58.9917714Z;138
2024-05-10T07:43:59.0757950Z;83
2024-05-10T07:43:59.2136381Z;137
2024-05-10T07:43:59.3453949Z;127
2024-05-10T07:43:59.4338525Z;88
2024-05-10T07:43:59.5457041Z;111
2024-05-10T07:43:59.6693272Z;123
2024-05-10T07:43:59.7851480Z;115
2024-05-10T07:43:59.8984165Z;112
2024-05-10T07:44:00.0356075Z;136
2024-05-10T07:44:00.1147835Z;78
2024-05-10T07:44:00.2202087Z;105
2024-05-10T07:44:00.3300141Z;109
2024-05-10T07:44:00.4474836Z;117
2024-05-10T07:44:00.5766308Z;128
2024-05-10T07:44:00.6950162Z;114
2024-05-10T07:44:00.8256698Z;130
2024-05-10T07:44:00.9346687Z;108
2024-05-10T07:44:01.0760133Z;141
2024-05-10T07:44:01.1989605Z;121
2024-05-10T07:44:01.3334306Z;134
2024-05-10T07:44:01.4552454Z;121
2024-05-10T07:44:01.6564873Z;200
2024-05-10T07:44:01.7298269Z;73
2024-05-10T07:44:01.8916185Z;161
2024-05-10T07:44:02.0075546Z;115
2024-05-10T07:44:02.1229749Z;115
2024-05-10T07:44:02.2560903Z;132
2024-05-10T07:44:02.3951988Z;138
2024-05-10T07:44:02.4969833Z;101
2024-05-10T07:44:02.6653645Z;168
2024-05-10T07:44:02.7805259Z;114
2024-05-10T07:44:02.8578551Z;76
2024-05-10T07:44:02.9650261Z;106
2024-05-10T07:44:03.0689461Z;103
2024-05-10T07:44:03.2572316Z;188
2024-05-10T07:44:03.3653149Z;107
2024-05-10T07:44:03.5060294Z;140
2024-05-10T07:44:03.6970272Z;130
2024-05-10T07:44:03.7874956Z;89
2024-05-10T07:44:03.9244933Z;136
2024-05-10T07:44:04.0376943Z;111
2024-05-10T07:44:04.1216138Z;83
2024-05-10T07:44:04.2136654Z;91
2024-05-10T07:44:04.3082065Z;94
2024-05-10T07:44:04.4000054Z;91
2024-05-10T07:44:04.5164578Z;116
2024-05-10T07:44:04.6156791Z;97
2024-05-10T07:44:04.7261545Z;104
2024-05-10T07:44:04.8815957Z;155
2024-05-10T07:44:04.9722219Z;90
2024-05-10T07:44:05.0983275Z;125
2024-05-10T07:44:05.2195414Z;120
2024-05-10T07:44:05.3467769Z;126
2024-05-10T07:44:05.5054495Z;158
2024-05-10T07:44:05.6047797Z;99
2024-05-10T07:44:05.7630868Z;157
2024-05-10T07:44:05.9060322Z;142
2024-05-10T07:44:06.0041550Z;97
2024-05-10T07:44:06.1559997Z;151
2024-05-10T07:44:06.2694212Z;112
2024-05-10T07:44:06.4429777Z;173
2024-05-10T07:44:06.5318966Z;88
2024-05-10T07:44:06.6739894Z;141
2024-05-10T07:44:06.7712400Z;96
2024-05-10T07:44:06.8636854Z;92
2024-05-10T07:44:06.9512830Z;87
2024-05-10T07:44:07.0263047Z;74
2024-05-10T07:44:07.1444631Z;117
2024-05-10T07:44:07.2737313Z;128
2024-05-10T07:44:07.3860077Z;111
2024-05-10T07:44:07.4992211Z;112
2024-05-10T07:44:07.6288400Z;129
2024-05-10T07:44:07.7577528Z;128
2024-05-10T07:44:07.8392314Z;81
2024-05-10T07:44:07.9360701Z;96
2024-05-10T07:44:08.0122962Z;75
2024-05-10T07:44:08.1161324Z;103
2024-05-10T07:44:08.2157569Z;98
2024-05-10T07:44:08.3243135Z;108
2024-05-10T07:44:08.4103887Z;85
2024-05-10T07:44:08.5173648Z;106
2024-05-10T07:44:08.6462898Z;128
2024-05-10T07:44:08.7785994Z;131
2024-05-10T07:44:08.9197234Z;140
2024-05-10T07:44:09.0385107Z;118
2024-05-10T07:44:09.1866197Z;147
2024-05-10T07:44:09.3189280Z;132
2024-05-10T07:44:09.4539183Z;134
2024-05-10T07:44:09.5813109Z;126
2024-05-10T07:44:09.6984233Z;116
2024-05-10T07:44:09.8201645Z;121
2024-05-10T07:44:09.9570581Z;136
2024-05-10T07:44:10.0930867Z;135
2024-05-10T07:44:10.2287576Z;135
2024-05-10T07:44:10.3804765Z;151
2024-05-10T07:44:10.5011841Z;120
2024-05-10T07:44:10.6640389Z;160
2024-05-10T07:44:10.7596552Z;95
2024-05-10T07:44:10.8578597Z;97
2024-05-10T07:44:10.9357766Z;77
2024-05-10T07:44:11.0355132Z;99
2024-05-10T07:44:11.1506981Z;114
2024-05-10T07:44:11.2499159Z;98
2024-05-10T07:44:11.3509903Z;100
2024-05-10T07:44:11.4449495Z;93
2024-05-10T07:44:11.5795628Z;134
2024-05-10T07:44:11.6916850Z;111
2024-05-10T07:44:11.8112887Z;98
2024-05-10T07:44:11.9072669Z;95
2024-05-10T07:44:11.9829109Z;75
2024-05-10T07:44:12.0515703Z;68
2024-05-10T07:44:12.1490848Z;97
2024-05-10T07:44:12.2414984Z;91
2024-05-10T07:44:12.3228415Z;80
2024-05-10T07:44:12.4228976Z;99
2024-05-10T07:44:12.6114571Z;188
2024-05-10T07:44:12.6991053Z;87
2024-05-10T07:44:12.8603449Z;160
2024-05-10T07:44:12.9853078Z;124
2024-05-10T07:44:13.1640413Z;177
2024-05-10T07:44:13.2894708Z;125
2024-05-10T07:44:13.4121697Z;121
2024-05-10T07:44:13.5478300Z;135
2024-05-10T07:44:13.6981297Z;150
2024-05-10T07:44:13.8410920Z;142
2024-05-10T07:44:13.9640274Z;122
2024-05-10T07:44:14.0683946Z;104
2024-05-10T07:44:14.2194414Z;150
2024-05-10T07:44:14.3523411Z;132
2024-05-10T07:44:14.4714805Z;118
2024-05-10T07:44:14.5940967Z;122
2024-05-10T07:44:14.7070568Z;112
2024-05-10T07:44:14.7925024Z;85
2024-05-10T07:44:14.8900686Z;97
2024-05-10T07:44:14.9686521Z;77
2024-05-10T07:44:15.0609165Z;91
2024-05-10T07:44:15.1459300Z;84
2024-05-10T07:44:15.2464270Z;100
2024-05-10T07:44:15.3436719Z;96
2024-05-10T07:44:15.4414862Z;97
2024-05-10T07:44:15.5325234Z;90
2024-05-10T07:44:15.6246509Z;91
2024-05-10T07:44:15.7373390Z;112
2024-05-10T07:44:15.8662276Z;127
2024-05-10T07:44:15.9451602Z;78
2024-05-10T07:44:16.0584224Z;112
2024-05-10T07:44:16.2075677Z;148
2024-05-10T07:44:16.3235582Z;115
2024-05-10T07:44:16.4413076Z;117
2024-05-10T07:44:16.5598219Z;111
2024-05-10T07:44:16.7255861Z;165
2024-05-10T07:44:16.8673382Z;141
2024-05-10T07:44:17.0634718Z;195
2024-05-10T07:44:17.1995742Z;135
2024-05-10T07:44:17.3444523Z;144
2024-05-10T07:44:17.4702580Z;125
2024-05-10T07:44:17.6101303Z;139
2024-05-10T07:44:17.7435565Z;133
2024-05-10T07:44:17.9159375Z;172
2024-05-10T07:44:18.0535510Z;137
2024-05-10T07:44:18.1592555Z;105
2024-05-10T07:44:18.2629904Z;103
2024-05-10T07:44:18.3397891Z;76
2024-05-10T07:44:18.4634149Z;122
2024-05-10T07:44:18.5740173Z;110
2024-05-10T07:44:18.6922794Z;117
2024-05-10T07:44:18.8054677Z;112
2024-05-10T07:44:18.8986317Z;90
2024-05-10T07:44:18.9781044Z;79
2024-05-10T07:44:19.0792518Z;100
2024-05-10T07:44:19.2271455Z;115
2024-05-10T07:44:19.3000787Z;72
2024-05-10T07:44:19.4372175Z;135
2024-05-10T07:44:19.5319745Z;94
2024-05-10T07:44:19.6431503Z;110
2024-05-10T07:44:19.7267763Z;83
2024-05-10T07:44:19.8660856Z;139
2024-05-10T07:44:19.9554251Z;88
2024-05-10T07:44:20.1705097Z;214
2024-05-10T07:44:20.2815187Z;109
2024-05-10T07:44:20.4614562Z;179
2024-05-10T07:44:20.5351677Z;73
2024-05-10T07:44:20.6982963Z;162
2024-05-10T07:44:20.8048604Z;106
2024-05-10T07:44:20.9651334Z;160
2024-05-10T07:44:21.1116550Z;146
2024-05-10T07:44:21.2683181Z;156
2024-05-10T07:44:21.3931805Z;124
2024-05-10T07:44:21.5047494Z;111
2024-05-10T07:44:21.6448788Z;139
2024-05-10T07:44:21.7740614Z;128
2024-05-10T07:44:21.9012717Z;126
2024-05-10T07:44:22.0254181Z;123
2024-05-10T07:44:22.1102490Z;83
2024-05-10T07:44:22.2623724Z;151
2024-05-10T07:44:22.3448370Z;82
2024-05-10T07:44:22.4372893Z;92
2024-05-10T07:44:22.5256911Z;88
2024-05-10T07:44:22.6489427Z;122
2024-05-10T07:44:22.7433643Z;94
2024-05-10T07:44:22.8323951Z;88
2024-05-10T07:44:22.9178823Z;85
2024-05-10T07:44:23.0097796Z;90
2024-05-10T07:44:23.1357095Z;125
2024-05-10T07:44:23.2842375Z;148
2024-05-10T07:44:23.4458891Z;161
2024-05-10T07:44:23.6457393Z;198
2024-05-10T07:44:23.8257270Z;179
2024-05-10T07:44:23.9414002Z;115
2024-05-10T07:44:24.1511612Z;209
2024-05-10T07:44:24.2468786Z;95
2024-05-10T07:44:24.3735541Z;126
2024-05-10T07:44:24.4986016Z;124
2024-05-10T07:44:24.6055628Z;106
2024-05-10T07:44:24.7332970Z;125
2024-05-10T07:44:24.8445708Z;110
2024-05-10T07:44:24.9973163Z;152
2024-05-10T07:44:25.1009877Z;103
2024-05-10T07:44:25.1951067Z;93
2024-05-10T07:44:25.3234568Z;127
2024-05-10T07:44:25.4422476Z;118
2024-05-10T07:44:25.5811105Z;137
2024-05-10T07:44:25.7126959Z;130
2024-05-10T07:44:25.8019874Z;88
2024-05-10T07:44:25.9773671Z;169
2024-05-10T07:44:26.0470232Z;69
2024-05-10T07:44:26.1558928Z;108
2024-05-10T07:44:26.3222936Z;165
2024-05-10T07:44:26.4308630Z;108
2024-05-10T07:44:26.5216883Z;90
2024-05-10T07:44:26.6487406Z;126
2024-05-10T07:44:26.7665149Z;112
2024-05-10T07:44:26.8608632Z;93
2024-05-10T07:44:26.9480370Z;86
2024-05-10T07:44:27.0707592Z;122
2024-05-10T07:44:27.1498844Z;77
2024-05-10T07:44:27.2303819Z;80
2024-05-10T07:44:27.3479718Z;117
2024-05-10T07:44:27.4679362Z;119
2024-05-10T07:44:27.5629870Z;94
2024-05-10T07:44:27.6431928Z;79
2024-05-10T07:44:27.7203800Z;76
2024-05-10T07:44:27.8174463Z;96
2024-05-10T07:44:27.9161253Z;98
2024-05-10T07:44:28.0381609Z;121
2024-05-10T07:44:28.2092143Z;170
2024-05-10T07:44:28.3229031Z;113
2024-05-10T07:44:28.4301564Z;106
2024-05-10T07:44:28.5566904Z;126
2024-05-10T07:44:28.6809367Z;123
2024-05-10T07:44:28.8172148Z;135
2024-05-10T07:44:28.9501754Z;132
2024-05-10T07:44:29.0733284Z;122
2024-05-10T07:44:29.2053544Z;131
2024-05-10T07:44:29.3033721Z;97
2024-05-10T07:44:29.4355904Z;131
2024-05-10T07:44:29.5637636Z;127
2024-05-10T07:44:29.6884805Z;123
2024-05-10T07:44:29.7965630Z;107
2024-05-10T07:44:29.8927987Z;95
2024-05-10T07:44:29.9762431Z;83
2024-05-10T07:44:30.0536431Z;77
2024-05-10T07:44:30.1730735Z;119
2024-05-10T07:44:30.3375834Z;164
2024-05-10T07:44:30.4563868Z;113
2024-05-10T07:44:30.5542487Z;97
2024-05-10T07:44:30.6454433Z;90
2024-05-10T07:44:30.7370708Z;91
2024-05-10T07:44:30.8367255Z;99
2024-05-10T07:44:30.9194537Z;81
2024-05-10T07:44:31.0064436Z;86
2024-05-10T07:44:31.0874462Z;80
2024-05-10T07:44:31.1876438Z;99
2024-05-10T07:44:31.2838144Z;95
2024-05-10T07:44:31.3603576Z;76
2024-05-10T07:44:31.4450830Z;84
2024-05-10T07:44:31.5407696Z;95
2024-05-10T07:44:31.6432321Z;102
2024-05-10T07:44:31.7547307Z;111
2024-05-10T07:44:31.9263935Z;171
2024-05-10T07:44:32.0525130Z;125
2024-05-10T07:44:32.1765655Z;122
2024-05-10T07:44:32.2966659Z;119
2024-05-10T07:44:32.4148118Z;117
2024-05-10T07:44:32.5493356Z;134
2024-05-10T07:44:32.7371644Z;187
2024-05-10T07:44:32.8219498Z;84
2024-05-10T07:44:33.0096661Z;185
2024-05-10T07:44:33.2186619Z;208
2024-05-10T07:44:33.3852645Z;166
2024-05-10T07:44:33.5491411Z;163
2024-05-10T07:44:33.6762563Z;121
2024-05-10T07:44:33.7809987Z;104
2024-05-10T07:44:33.8988605Z;117
2024-05-10T07:44:33.9778185Z;78
2024-05-10T07:44:34.0656515Z;87
2024-05-10T07:44:34.1628582Z;96
2024-05-10T07:44:34.2750827Z;111
2024-05-10T07:44:34.3640205Z;88
2024-05-10T07:44:34.4704732Z;105
2024-05-10T07:44:34.6030313Z;132
2024-05-10T07:44:34.8011533Z;197
2024-05-10T07:44:34.8892768Z;87
2024-05-10T07:44:34.9829751Z;93
2024-05-10T07:44:35.1037883Z;120
2024-05-10T07:44:35.1902076Z;85
2024-05-10T07:44:35.2871919Z;96
2024-05-10T07:44:35.3895200Z;101
2024-05-10T07:44:35.5069634Z;117
2024-05-10T07:44:35.6244999Z;117
2024-05-10T07:44:35.7544513Z;129
2024-05-10T07:44:35.8792469Z;124
2024-05-10T07:44:35.9847105Z;105
2024-05-10T07:44:36.1239896Z;138
2024-05-10T07:44:36.2678840Z;143
2024-05-10T07:44:36.4426606Z;169
2024-05-10T07:44:36.5521362Z;109
2024-05-10T07:44:36.6654952Z;112
2024-05-10T07:44:36.8205764Z;154
2024-05-10T07:44:36.9958174Z;174
2024-05-10T07:44:37.0702685Z;74
2024-05-10T07:44:37.2758889Z;205
2024-05-10T07:44:37.4278070Z;151
2024-05-10T07:44:37.5821120Z;152
2024-05-10T07:44:37.7236050Z;140
2024-05-10T07:44:37.8100760Z;83
2024-05-10T07:44:37.8945084Z;84
2024-05-10T07:44:37.9832468Z;87
2024-05-10T07:44:38.0900773Z;106
2024-05-10T07:44:38.1926422Z;102
2024-05-10T07:44:38.2685556Z;75
2024-05-10T07:44:38.3589838Z;90
2024-05-10T07:44:38.4504340Z;90
2024-05-10T07:44:38.5309598Z;80
2024-05-10T07:44:38.6286395Z;97
2024-05-10T07:44:38.7184493Z;89
2024-05-10T07:44:38.7954003Z;76
2024-05-10T07:44:38.8959006Z;100
2024-05-10T07:44:38.9858074Z;89
2024-05-10T07:44:39.1001231Z;113
2024-05-10T07:44:39.1937394Z;87
2024-05-10T07:44:39.2899300Z;95
2024-05-10T07:44:39.4232166Z;132
2024-05-10T07:44:39.5482921Z;118
2024-05-10T07:44:39.6735209Z;124
2024-05-10T07:44:39.7983969Z;124
2024-05-10T07:44:39.9234324Z;124
2024-05-10T07:44:40.0259142Z;102
2024-05-10T07:44:40.1943955Z;167
2024-05-10T07:44:40.3068000Z;112
2024-05-10T07:44:40.4481815Z;139
2024-05-10T07:44:40.6011457Z;152
2024-05-10T07:44:40.6991480Z;97
2024-05-10T07:44:40.8434543Z;143
2024-05-10T07:44:40.9135222Z;69
2024-05-10T07:44:41.1467239Z;232
2024-05-10T07:44:41.2712849Z;123
2024-05-10T07:44:41.3805514Z;108
2024-05-10T07:44:41.4547952Z;73
2024-05-10T07:44:41.6381784Z;182
2024-05-10T07:44:41.7469333Z;108
2024-05-10T07:44:41.8803832Z;133
2024-05-10T07:44:41.9804860Z;99
2024-05-10T07:44:42.0568292Z;74
2024-05-10T07:44:42.1420898Z;83
2024-05-10T07:44:42.2292864Z;86
2024-05-10T07:44:42.3266426Z;97
2024-05-10T07:44:42.5233868Z;196
2024-05-10T07:44:42.6368963Z;112
2024-05-10T07:44:42.7837648Z;146
2024-05-10T07:44:42.8901949Z;106
2024-05-10T07:44:42.9898881Z;98
2024-05-10T07:44:43.0804105Z;90
2024-05-10T07:44:43.3228386Z;240
2024-05-10T07:44:43.4290331Z;105
2024-05-10T07:44:43.5234403Z;92
2024-05-10T07:44:43.7277734Z;203
2024-05-10T07:44:43.8359321Z;107
2024-05-10T07:44:43.9713420Z;135
2024-05-10T07:44:44.1164382Z;144
2024-05-10T07:44:44.2430399Z;126
2024-05-10T07:44:44.3654883Z;122
2024-05-10T07:44:44.4871560Z;118
2024-05-10T07:44:44.6443144Z;155
2024-05-10T07:44:44.7958342Z;151
2024-05-10T07:44:44.8916642Z;95
2024-05-10T07:44:45.0191024Z;126
2024-05-10T07:44:45.1208845Z;101
2024-05-10T07:44:45.2021799Z;80
2024-05-10T07:44:45.3131792Z;110
2024-05-10T07:44:45.4062548Z;92
2024-05-10T07:44:45.5006500Z;94
2024-05-10T07:44:45.6205739Z;118
2024-05-10T07:44:45.7132128Z;92
2024-05-10T07:44:45.8240666Z;110
2024-05-10T07:44:45.9667374Z;142
2024-05-10T07:44:46.0621231Z;93
2024-05-10T07:44:46.1601332Z;97
2024-05-10T07:44:46.2373015Z;76
2024-05-10T07:44:46.3331347Z;94
2024-05-10T07:44:46.4440546Z;110
2024-05-10T07:44:46.5407542Z;96
2024-05-10T07:44:46.6220861Z;80
2024-05-10T07:44:46.7281266Z;105
2024-05-10T07:44:46.8085801Z;79
2024-05-10T07:44:46.9470910Z;138
2024-05-10T07:44:47.1034139Z;151
2024-05-10T07:44:47.1902532Z;86
2024-05-10T07:44:47.3247251Z;124
2024-05-10T07:44:47.4312645Z;105
2024-05-10T07:44:47.5657492Z;134
2024-05-10T07:44:47.7049342Z;138
2024-05-10T07:44:47.8095147Z;104
2024-05-10T07:44:47.9382543Z;128
2024-05-10T07:44:48.0802909Z;141
2024-05-10T07:44:48.2419014Z;154
2024-05-10T07:44:48.3943695Z;151
2024-05-10T07:44:48.4885707Z;92
2024-05-10T07:44:48.6175636Z;128
2024-05-10T07:44:48.7418161Z;123
2024-05-10T07:44:48.8692692Z;126
2024-05-10T07:44:48.9683669Z;97
2024-05-10T07:44:49.0973027Z;128
2024-05-10T07:44:49.1911497Z;93
2024-05-10T07:44:49.2857544Z;94
2024-05-10T07:44:49.3647899Z;78
2024-05-10T07:44:49.4757641Z;110
2024-05-10T07:44:49.5565070Z;80
2024-05-10T07:44:49.6695180Z;112
2024-05-10T07:44:49.7700668Z;100
2024-05-10T07:44:49.8639383Z;93
2024-05-10T07:44:50.0673695Z;152
2024-05-10T07:44:50.1581221Z;90
2024-05-10T07:44:50.2751954Z;104
2024-05-10T07:44:50.4380188Z;157
2024-05-10T07:44:50.5460576Z;107
2024-05-10T07:44:50.6958508Z;149
2024-05-10T07:44:50.7985123Z;97
2024-05-10T07:44:50.9480751Z;149
2024-05-10T07:44:51.1170824Z;168
2024-05-10T07:44:51.1982429Z;80
2024-05-10T07:44:51.3639210Z;165
2024-05-10T07:44:51.4492129Z;85
2024-05-10T07:44:51.5949607Z;145
2024-05-10T07:44:51.7229506Z;127
2024-05-10T07:44:51.8442258Z;120
2024-05-10T07:44:51.9614658Z;116
2024-05-10T07:44:52.0681415Z;106
2024-05-10T07:44:52.2027215Z;134
2024-05-10T07:44:52.2984415Z;93
2024-05-10T07:44:52.4059615Z;107
2024-05-10T07:44:52.5075693Z;98
2024-05-10T07:44:52.6418797Z;134
2024-05-10T07:44:52.7426561Z;92
2024-05-10T07:44:52.8132326Z;70
2024-05-10T07:44:52.9343776Z;120
2024-05-10T07:44:53.0417885Z;107
2024-05-10T07:44:53.2084174Z;166
2024-05-10T07:44:53.3150641Z;106
2024-05-10T07:44:53.4064912Z;90
2024-05-10T07:44:53.4900598Z;83
2024-05-10T07:44:53.5896197Z;99
2024-05-10T07:44:53.6871250Z;97
2024-05-10T07:44:53.8469000Z;159
2024-05-10T07:44:53.9593935Z;112
2024-05-10T07:44:54.0417855Z;82
2024-05-10T07:44:54.1289207Z;86
2024-05-10T07:44:54.2183850Z;88
2024-05-10T07:44:54.3711746Z;151
2024-05-10T07:44:54.5532135Z;181
2024-05-10T07:44:54.8031179Z;249
2024-05-10T07:44:54.9758911Z;172
2024-05-10T07:44:55.1176172Z;141
2024-05-10T07:44:55.1940602Z;76
2024-05-10T07:44:55.3411388Z;146
2024-05-10T07:44:55.4207110Z;79
2024-05-10T07:44:55.5664733Z;145
2024-05-10T07:44:55.6903977Z;123
2024-05-10T07:44:55.8376703Z;146
2024-05-10T07:44:55.9215487Z;83
2024-05-10T07:44:56.0428600Z;119
2024-05-10T07:44:56.1705032Z;124
2024-05-10T07:44:56.3000229Z;129
2024-05-10T07:44:56.3716543Z;69
2024-05-10T07:44:56.4566899Z;84
2024-05-10T07:44:56.5821956Z;125
2024-05-10T07:44:56.6663432Z;83
2024-05-10T07:44:56.7492011Z;82
2024-05-10T07:44:56.8367396Z;86
2024-05-10T07:44:56.9357195Z;98
2024-05-10T07:44:57.0097579Z;73
2024-05-10T07:44:57.1222175Z;112
2024-05-10T07:44:57.1972025Z;74
2024-05-10T07:44:57.3106189Z;113
2024-05-10T07:44:57.4053813Z;94
2024-05-10T07:44:57.4821985Z;76
2024-05-10T07:44:57.6434343Z;160
2024-05-10T07:44:57.7396739Z;95
2024-05-10T07:44:57.8222261Z;82
2024-05-10T07:44:57.9065240Z;83
2024-05-10T07:44:57.9795371Z;72
2024-05-10T07:44:58.0752400Z;95
2024-05-10T07:44:58.1658019Z;75
2024-05-10T07:44:58.2952541Z;129
2024-05-10T07:44:58.4101019Z;114
2024-05-10T07:44:58.5316098Z;121
2024-05-10T07:44:58.6565209Z;124
2024-05-10T07:44:58.7905887Z;133
2024-05-10T07:44:58.8816699Z;90
2024-05-10T07:44:58.9835749Z;101
2024-05-10T07:44:59.1490954Z;165
2024-05-10T07:44:59.2412117Z;91
2024-05-10T07:44:59.3437925Z;102
2024-05-10T07:44:59.4625209Z;118
2024-05-10T07:44:59.5973650Z;134
2024-05-10T07:44:59.7255537Z;126
2024-05-10T07:44:59.8128822Z;86
2024-05-10T07:44:59.9274984Z;114
2024-05-10T07:45:00.0212284Z;93
2024-05-10T07:45:00.0967374Z;75
2024-05-10T07:45:00.1990781Z;102
2024-05-10T07:45:00.3022200Z;100
2024-05-10T07:45:00.4238247Z;121
2024-05-10T07:45:00.5320204Z;107
2024-05-10T07:45:00.6364212Z;104
2024-05-10T07:45:00.7471764Z;110
2024-05-10T07:45:00.8524264Z;100
2024-05-10T07:45:00.9540038Z;101
2024-05-10T07:45:01.0394311Z;85
2024-05-10T07:45:01.1253508Z;85
2024-05-10T07:45:01.2010621Z;75
2024-05-10T07:45:01.3197689Z;118
2024-05-10T07:45:01.4176867Z;97
2024-05-10T07:45:01.5053208Z;87
2024-05-10T07:45:01.6933783Z;187
2024-05-10T07:45:01.8113970Z;113
