2024-05-09T09:43:47.5613911Z;18589
2024-05-09T09:43:47.9207083Z;358
2024-05-09T09:43:51.3110791Z;3390
2024-05-09T09:44:01.6271990Z;10315
2024-05-09T09:44:01.6910055Z;63
2024-05-09T09:44:01.8035669Z;112
2024-05-09T09:44:01.9218808Z;117
2024-05-09T09:44:02.0860208Z;163
2024-05-09T09:44:02.2472760Z;160
2024-05-09T09:44:02.4305597Z;182
2024-05-09T09:44:02.5833625Z;152
2024-05-09T09:44:02.7672917Z;183
2024-05-09T09:44:02.8876057Z;119
2024-05-09T09:44:03.1513966Z;263
2024-05-09T09:44:03.4501757Z;298
2024-05-09T09:44:03.7729823Z;322
2024-05-09T09:44:04.0248185Z;251
2024-05-09T09:44:04.2975480Z;272
2024-05-09T09:44:04.5546809Z;256
2024-05-09T09:44:04.8273497Z;272
2024-05-09T09:44:05.0705894Z;242
2024-05-09T09:44:05.2167754Z;145
2024-05-09T09:44:05.3899868Z;172
2024-05-09T09:44:05.5412537Z;150
2024-05-09T09:44:05.7008618Z;159
2024-05-09T09:44:05.9949126Z;293
2024-05-09T09:44:06.1562659Z;160
2024-05-09T09:44:06.3713693Z;214
2024-05-09T09:44:06.5629508Z;191
2024-05-09T09:44:06.7561728Z;192
2024-05-09T09:44:06.9309996Z;174
2024-05-09T09:44:07.0989649Z;167
2024-05-09T09:44:07.2604188Z;161
2024-05-09T09:44:07.4451919Z;184
2024-05-09T09:44:07.6115247Z;165
2024-05-09T09:44:07.8417103Z;229
2024-05-09T09:44:08.1174765Z;275
2024-05-09T09:44:08.3846345Z;266
2024-05-09T09:44:08.6585738Z;273
2024-05-09T09:44:08.9545185Z;295
2024-05-09T09:44:09.2446274Z;289
2024-05-09T09:44:09.4955569Z;250
2024-05-09T09:44:09.7711422Z;275
2024-05-09T09:44:09.9072172Z;133
2024-05-09T09:44:10.0954279Z;187
2024-05-09T09:44:10.2867886Z;190
2024-05-09T09:44:10.4399117Z;152
2024-05-09T09:44:10.5929642Z;152
2024-05-09T09:44:10.7288956Z;135
2024-05-09T09:44:10.9004432Z;171
2024-05-09T09:44:11.0603636Z;159
2024-05-09T09:44:11.3036920Z;242
2024-05-09T09:44:11.4736662Z;169
2024-05-09T09:44:11.6366112Z;162
2024-05-09T09:44:11.7910609Z;154
2024-05-09T09:44:11.9598073Z;168
2024-05-09T09:44:12.1155421Z;155
2024-05-09T09:44:12.3591668Z;243
2024-05-09T09:44:12.6212144Z;261
2024-05-09T09:44:12.8689717Z;247
2024-05-09T09:44:13.1511859Z;281
2024-05-09T09:44:13.3904943Z;238
2024-05-09T09:44:13.5875842Z;192
2024-05-09T09:44:13.8259804Z;238
2024-05-09T09:44:14.0873010Z;260
2024-05-09T09:44:14.3167257Z;229
2024-05-09T09:44:14.4676949Z;150
2024-05-09T09:44:14.6850045Z;216
2024-05-09T09:44:14.8353248Z;150
2024-05-09T09:44:14.9808324Z;145
2024-05-09T09:44:15.1421359Z;160
2024-05-09T09:44:15.2800672Z;137
2024-05-09T09:44:15.4967804Z;216
2024-05-09T09:44:15.6543387Z;157
2024-05-09T09:44:15.8612403Z;206
2024-05-09T09:44:16.0220912Z;158
2024-05-09T09:44:16.1690873Z;146
2024-05-09T09:44:16.3235959Z;154
2024-05-09T09:44:16.5386817Z;214
2024-05-09T09:44:16.8026046Z;263
2024-05-09T09:44:17.0893051Z;286
2024-05-09T09:44:17.2757139Z;186
2024-05-09T09:44:17.5301705Z;254
2024-05-09T09:44:17.6797687Z;149
2024-05-09T09:44:17.9110074Z;230
2024-05-09T09:44:18.1940212Z;282
2024-05-09T09:44:18.3233420Z;128
2024-05-09T09:44:18.4628917Z;139
2024-05-09T09:44:18.6628795Z;199
2024-05-09T09:44:18.8259554Z;162
2024-05-09T09:44:18.9904681Z;164
2024-05-09T09:44:19.1636604Z;172
2024-05-09T09:44:19.3150905Z;151
2024-05-09T09:44:19.4964118Z;180
2024-05-09T09:44:19.6704551Z;172
2024-05-09T09:44:19.8224504Z;151
2024-05-09T09:44:19.9770170Z;154
2024-05-09T09:44:20.1351089Z;157
2024-05-09T09:44:20.2897124Z;154
2024-05-09T09:44:20.4577329Z;167
2024-05-09T09:44:20.6173547Z;159
2024-05-09T09:44:20.7792976Z;161
2024-05-09T09:44:20.9500807Z;170
2024-05-09T09:44:21.1434317Z;192
2024-05-09T09:44:21.3719636Z;228
2024-05-09T09:44:21.6204973Z;247
2024-05-09T09:44:21.8289878Z;207
2024-05-09T09:44:22.1162401Z;286
2024-05-09T09:44:22.3769404Z;260
2024-05-09T09:44:22.6155277Z;238
2024-05-09T09:44:22.8877784Z;271
2024-05-09T09:44:23.1231105Z;234
2024-05-09T09:44:23.2692311Z;145
2024-05-09T09:44:23.4191329Z;149
2024-05-09T09:44:23.5886872Z;169
2024-05-09T09:44:23.7281450Z;139
2024-05-09T09:44:23.9235508Z;194
2024-05-09T09:44:24.0861194Z;162
2024-05-09T09:44:24.2590438Z;172
2024-05-09T09:44:24.4490616Z;189
2024-05-09T09:44:24.6059655Z;156
2024-05-09T09:44:24.8048348Z;198
2024-05-09T09:44:24.9682613Z;163
2024-05-09T09:44:25.1405089Z;171
2024-05-09T09:44:25.2826448Z;141
2024-05-09T09:44:25.5329725Z;249
2024-05-09T09:44:25.8353872Z;302
2024-05-09T09:44:26.0927301Z;256
2024-05-09T09:44:26.3261471Z;232
2024-05-09T09:44:26.5799393Z;253
2024-05-09T09:44:26.8397163Z;258
2024-05-09T09:44:27.0909156Z;250
2024-05-09T09:44:27.2958567Z;204
2024-05-09T09:44:27.4370744Z;140
2024-05-09T09:44:27.5967083Z;159
2024-05-09T09:44:27.7517945Z;154
2024-05-09T09:44:27.9381155Z;185
2024-05-09T09:44:28.1092392Z;170
2024-05-09T09:44:28.2604316Z;150
2024-05-09T09:44:28.4252518Z;164
2024-05-09T09:44:28.5764373Z;150
2024-05-09T09:44:28.7243459Z;147
2024-05-09T09:44:28.8806125Z;155
2024-05-09T09:44:29.0254568Z;144
2024-05-09T09:44:29.1982492Z;172
2024-05-09T09:44:29.3931842Z;194
2024-05-09T09:44:29.5563029Z;162
2024-05-09T09:44:29.9374735Z;380
2024-05-09T09:44:30.1629545Z;225
2024-05-09T09:44:30.4252109Z;261
2024-05-09T09:44:30.6720823Z;246
2024-05-09T09:44:30.8939132Z;221
2024-05-09T09:44:31.1240934Z;229
2024-05-09T09:44:31.3157250Z;187
2024-05-09T09:44:31.4421393Z;125
2024-05-09T09:44:31.6351056Z;192
2024-05-09T09:44:31.7896746Z;154
2024-05-09T09:44:31.9477412Z;155
2024-05-09T09:44:32.0925351Z;144
2024-05-09T09:44:32.2400173Z;147
2024-05-09T09:44:32.4013738Z;161
2024-05-09T09:44:32.5493858Z;147
2024-05-09T09:44:32.6939297Z;144
2024-05-09T09:44:32.8787239Z;184
2024-05-09T09:44:33.0383291Z;159
2024-05-09T09:44:33.2449799Z;206
2024-05-09T09:44:33.4214791Z;176
2024-05-09T09:44:33.5497152Z;127
2024-05-09T09:44:33.6905231Z;140
2024-05-09T09:44:33.8954526Z;204
2024-05-09T09:44:34.0770793Z;181
2024-05-09T09:44:34.3408980Z;263
2024-05-09T09:44:34.5333028Z;192
2024-05-09T09:44:34.8314188Z;297
2024-05-09T09:44:35.0801187Z;248
2024-05-09T09:44:35.3088961Z;228
2024-05-09T09:44:35.5291370Z;219
2024-05-09T09:44:35.6617087Z;132
2024-05-09T09:44:35.8262650Z;164
2024-05-09T09:44:35.9979075Z;171
2024-05-09T09:44:36.1474743Z;149
2024-05-09T09:44:36.3221887Z;174
2024-05-09T09:44:36.5422750Z;219
2024-05-09T09:44:36.6682468Z;125
2024-05-09T09:44:36.8498195Z;181
2024-05-09T09:44:37.0026633Z;152
2024-05-09T09:44:37.1639392Z;160
2024-05-09T09:44:37.3271077Z;162
2024-05-09T09:44:37.5102090Z;182
2024-05-09T09:44:37.6951842Z;184
2024-05-09T09:44:37.9167991Z;221
2024-05-09T09:44:38.1119266Z;142
2024-05-09T09:44:38.3179013Z;205
2024-05-09T09:44:38.5331400Z;214
2024-05-09T09:44:38.7773617Z;243
2024-05-09T09:44:39.0547167Z;277
2024-05-09T09:44:39.2930834Z;238
2024-05-09T09:44:39.5303674Z;232
2024-05-09T09:44:39.6801879Z;149
2024-05-09T09:44:39.8548476Z;174
2024-05-09T09:44:39.9689438Z;113
2024-05-09T09:44:40.1643752Z;195
2024-05-09T09:44:40.3116810Z;146
2024-05-09T09:44:40.4662794Z;154
2024-05-09T09:44:40.6276486Z;160
2024-05-09T09:44:40.7843352Z;156
2024-05-09T09:44:40.9267835Z;142
2024-05-09T09:44:41.0847658Z;157
2024-05-09T09:44:41.2544888Z;169
2024-05-09T09:44:41.4141417Z;159
2024-05-09T09:44:41.6041062Z;189
2024-05-09T09:44:41.8169007Z;212
2024-05-09T09:44:42.0729337Z;255
2024-05-09T09:44:42.2963448Z;223
2024-05-09T09:44:42.5304563Z;233
2024-05-09T09:44:42.7323747Z;201
2024-05-09T09:44:42.9720589Z;239
2024-05-09T09:44:43.1677476Z;195
2024-05-09T09:44:43.4390653Z;270
2024-05-09T09:44:43.6526627Z;213
2024-05-09T09:44:43.8201852Z;167
2024-05-09T09:44:43.9787091Z;158
2024-05-09T09:44:44.1281970Z;149
2024-05-09T09:44:44.2811896Z;152
2024-05-09T09:44:44.4273349Z;145
2024-05-09T09:44:44.6611812Z;233
2024-05-09T09:44:44.7887611Z;127
2024-05-09T09:44:44.9650874Z;175
2024-05-09T09:44:45.1466682Z;181
2024-05-09T09:44:45.2996330Z;152
2024-05-09T09:44:45.4527037Z;152
2024-05-09T09:44:45.6526522Z;199
2024-05-09T09:44:45.8089311Z;155
2024-05-09T09:44:45.9903244Z;181
2024-05-09T09:44:46.1885674Z;197
2024-05-09T09:44:46.4479731Z;259
2024-05-09T09:44:46.7163299Z;267
2024-05-09T09:44:47.0980277Z;381
2024-05-09T09:44:47.3619197Z;263
2024-05-09T09:44:47.6482621Z;286
2024-05-09T09:44:47.8857887Z;237
2024-05-09T09:44:48.1078179Z;221
2024-05-09T09:44:48.2591812Z;151
2024-05-09T09:44:48.3977879Z;138
2024-05-09T09:44:48.5499044Z;151
2024-05-09T09:44:48.6960526Z;145
2024-05-09T09:44:48.8423236Z;145
2024-05-09T09:44:49.0001222Z;157
2024-05-09T09:44:49.1631375Z;162
2024-05-09T09:44:49.3093485Z;145
2024-05-09T09:44:49.4757297Z;166
2024-05-09T09:44:49.6389611Z;162
2024-05-09T09:44:49.8150208Z;175
2024-05-09T09:44:49.9680102Z;151
2024-05-09T09:44:50.1166512Z;147
2024-05-09T09:44:50.2690124Z;152
2024-05-09T09:44:50.4940898Z;224
2024-05-09T09:44:50.6992513Z;204
2024-05-09T09:44:50.9427784Z;243
2024-05-09T09:44:51.1865604Z;243
2024-05-09T09:44:51.4613996Z;273
2024-05-09T09:44:51.6901819Z;228
2024-05-09T09:44:51.9411366Z;250
2024-05-09T09:44:52.0738866Z;132
2024-05-09T09:44:52.2418341Z;167
2024-05-09T09:44:52.4042477Z;161
2024-05-09T09:44:52.5645757Z;159
2024-05-09T09:44:52.7327094Z;167
2024-05-09T09:44:52.8812573Z;147
2024-05-09T09:44:53.0166881Z;134
2024-05-09T09:44:53.2081579Z;191
2024-05-09T09:44:53.4045621Z;196
2024-05-09T09:44:53.5595005Z;154
2024-05-09T09:44:53.7125323Z;152
2024-05-09T09:44:53.9090501Z;196
2024-05-09T09:44:54.1058119Z;196
2024-05-09T09:44:54.2666763Z;159
2024-05-09T09:44:54.4891692Z;170
2024-05-09T09:44:54.8082199Z;318
2024-05-09T09:44:55.0417099Z;233
2024-05-09T09:44:55.2946444Z;252
2024-05-09T09:44:55.5307602Z;235
2024-05-09T09:44:55.7357767Z;204
2024-05-09T09:44:56.0199471Z;283
2024-05-09T09:44:56.1358457Z;115
2024-05-09T09:44:56.2824971Z;146
2024-05-09T09:44:56.4595804Z;175
2024-05-09T09:44:56.6650265Z;204
2024-05-09T09:44:56.8234106Z;157
2024-05-09T09:44:56.9642605Z;140
2024-05-09T09:44:57.1133391Z;148
2024-05-09T09:44:57.2567806Z;142
2024-05-09T09:44:57.4057400Z;148
2024-05-09T09:44:57.5541343Z;148
2024-05-09T09:44:57.7122884Z;157
2024-05-09T09:44:57.8650641Z;152
2024-05-09T09:44:58.0616646Z;196
2024-05-09T09:44:58.2122450Z;150
2024-05-09T09:44:58.4229567Z;210
2024-05-09T09:44:58.5726051Z;149
2024-05-09T09:44:58.8232355Z;250
2024-05-09T09:44:59.0750365Z;251
2024-05-09T09:44:59.2751193Z;199
2024-05-09T09:44:59.4681657Z;192
2024-05-09T09:44:59.7521287Z;283
2024-05-09T09:44:59.9877934Z;235
2024-05-09T09:45:00.1152218Z;127
2024-05-09T09:45:00.2900713Z;174
2024-05-09T09:45:00.4414630Z;151
2024-05-09T09:45:00.5858851Z;144
2024-05-09T09:45:00.7320445Z;145
2024-05-09T09:45:00.8913732Z;158
2024-05-09T09:45:01.0364167Z;144
2024-05-09T09:45:01.1756845Z;138
2024-05-09T09:45:01.3509863Z;174
2024-05-09T09:45:01.5090248Z;157
2024-05-09T09:45:01.6836605Z;173
2024-05-09T09:45:01.8799034Z;195
2024-05-09T09:45:02.0411760Z;160
2024-05-09T09:45:02.2457179Z;204
2024-05-09T09:45:02.4997792Z;253
2024-05-09T09:45:02.6630026Z;152
2024-05-09T09:45:02.8999340Z;236
2024-05-09T09:45:03.1772373Z;276
2024-05-09T09:45:03.4477381Z;270
2024-05-09T09:45:03.6759149Z;227
2024-05-09T09:45:03.8881150Z;211
2024-05-09T09:45:04.0572372Z;168
2024-05-09T09:45:04.2411123Z;183
2024-05-09T09:45:04.4091159Z;167
2024-05-09T09:45:04.6208547Z;211
2024-05-09T09:45:04.8089315Z;187
2024-05-09T09:45:04.9754176Z;166
2024-05-09T09:45:05.1336317Z;157
2024-05-09T09:45:05.2804393Z;145
2024-05-09T09:45:05.4342503Z;153
2024-05-09T09:45:05.5796370Z;144
2024-05-09T09:45:05.7637361Z;183
2024-05-09T09:45:05.9410628Z;177
2024-05-09T09:45:06.0997191Z;158
2024-05-09T09:45:06.2813415Z;181
2024-05-09T09:45:06.6341228Z;352
2024-05-09T09:45:06.8660821Z;231
2024-05-09T09:45:07.1450184Z;278
2024-05-09T09:45:07.4375511Z;292
2024-05-09T09:45:07.7244785Z;286
2024-05-09T09:45:07.9684638Z;243
2024-05-09T09:45:08.2311112Z;262
2024-05-09T09:45:08.3701771Z;136
2024-05-09T09:45:08.5264105Z;155
2024-05-09T09:45:08.7246892Z;197
2024-05-09T09:45:08.9743521Z;249
2024-05-09T09:45:09.0958991Z;117
2024-05-09T09:45:09.2642260Z;167
2024-05-09T09:45:09.4086070Z;142
2024-05-09T09:45:09.5599137Z;150
2024-05-09T09:45:09.7183663Z;157
2024-05-09T09:45:09.9196077Z;200
2024-05-09T09:45:10.0927945Z;172
2024-05-09T09:45:10.2809721Z;187
2024-05-09T09:45:10.4322578Z;150
2024-05-09T09:45:10.5951725Z;162
2024-05-09T09:45:10.8052192Z;209
2024-05-09T09:45:11.0238202Z;218
2024-05-09T09:45:11.2724346Z;248
2024-05-09T09:45:11.5279712Z;255
2024-05-09T09:45:11.7950141Z;266
2024-05-09T09:45:12.0685458Z;273
2024-05-09T09:45:12.3157590Z;246
2024-05-09T09:45:12.4976450Z;181
2024-05-09T09:45:12.6555634Z;157
2024-05-09T09:45:12.8142433Z;158
2024-05-09T09:45:12.9614462Z;146
2024-05-09T09:45:13.1337628Z;171
2024-05-09T09:45:13.2880437Z;153
2024-05-09T09:45:13.4191580Z;130
2024-05-09T09:45:13.5933727Z;173
2024-05-09T09:45:13.7832808Z;189
2024-05-09T09:45:13.9467891Z;162
2024-05-09T09:45:14.1293947Z;182
2024-05-09T09:45:14.3007915Z;171
2024-05-09T09:45:14.4554706Z;154
2024-05-09T09:45:14.7192738Z;263
2024-05-09T09:45:14.9647011Z;245
2024-05-09T09:45:15.2318161Z;266
2024-05-09T09:45:15.4989640Z;266
2024-05-09T09:45:15.7746321Z;275
2024-05-09T09:45:16.0334898Z;258
2024-05-09T09:45:16.2755447Z;241
2024-05-09T09:45:16.5174647Z;241
2024-05-09T09:45:16.6835265Z;165
2024-05-09T09:45:16.8702751Z;185
2024-05-09T09:45:17.0199460Z;149
2024-05-09T09:45:17.1764425Z;156
2024-05-09T09:45:17.3794870Z;202
2024-05-09T09:45:17.5325333Z;152
2024-05-09T09:45:17.7498204Z;216
2024-05-09T09:45:17.9375173Z;187
2024-05-09T09:45:18.1173767Z;179
2024-05-09T09:45:18.2733953Z;155
2024-05-09T09:45:18.4341392Z;160
2024-05-09T09:45:18.5694350Z;134
2024-05-09T09:45:18.7138851Z;144
2024-05-09T09:45:18.8580456Z;143
2024-05-09T09:45:19.0937509Z;235
2024-05-09T09:45:19.2533415Z;159
2024-05-09T09:45:19.4584909Z;204
2024-05-09T09:45:19.6853024Z;226
2024-05-09T09:45:19.9421010Z;255
2024-05-09T09:45:20.2178661Z;275
2024-05-09T09:45:20.4607061Z;242
2024-05-09T09:45:20.7389576Z;277
2024-05-09T09:45:20.8892242Z;149
2024-05-09T09:45:21.0398547Z;148
2024-05-09T09:45:21.1911025Z;150
2024-05-09T09:45:21.3728951Z;181
2024-05-09T09:45:21.5451047Z;171
2024-05-09T09:45:21.6947626Z;140
2024-05-09T09:45:21.8910524Z;194
2024-05-09T09:45:22.0380384Z;145
2024-05-09T09:45:22.1943608Z;155
2024-05-09T09:45:22.3904644Z;194
2024-05-09T09:45:22.5455792Z;154
2024-05-09T09:45:22.7100317Z;162
2024-05-09T09:45:22.8850947Z;174
2024-05-09T09:45:23.0349067Z;149
2024-05-09T09:45:23.3159792Z;280
2024-05-09T09:45:23.5781281Z;261
2024-05-09T09:45:23.8026400Z;224
2024-05-09T09:45:24.0413313Z;238
2024-05-09T09:45:24.3034769Z;261
2024-05-09T09:45:24.5459764Z;241
2024-05-09T09:45:24.8681215Z;321
2024-05-09T09:45:25.0328285Z;127
2024-05-09T09:45:25.1908383Z;157
2024-05-09T09:45:25.4090078Z;217
2024-05-09T09:45:25.5536993Z;144
2024-05-09T09:45:25.7083032Z;154
2024-05-09T09:45:25.8663247Z;157
2024-05-09T09:45:26.0160479Z;149
2024-05-09T09:45:26.1690792Z;152
2024-05-09T09:45:26.3470172Z;177
2024-05-09T09:45:26.5553672Z;208
2024-05-09T09:45:26.7000547Z;144
2024-05-09T09:45:26.8814857Z;181
2024-05-09T09:45:27.0536787Z;171
2024-05-09T09:45:27.2492842Z;195
2024-05-09T09:45:27.4923114Z;241
2024-05-09T09:45:27.7590409Z;266
2024-05-09T09:45:28.0040504Z;244
2024-05-09T09:45:28.2459656Z;241
2024-05-09T09:45:28.4644766Z;218
2024-05-09T09:45:28.6946777Z;229
2024-05-09T09:45:28.9485273Z;252
2024-05-09T09:45:29.1057050Z;156
2024-05-09T09:45:29.2610520Z;154
2024-05-09T09:45:29.4116786Z;149
2024-05-09T09:45:29.6207138Z;208
2024-05-09T09:45:29.7567403Z;135
2024-05-09T09:45:29.9190357Z;161
2024-05-09T09:45:30.0682586Z;148
2024-05-09T09:45:30.2273808Z;158
2024-05-09T09:45:30.3735098Z;145
2024-05-09T09:45:30.6239995Z;250
2024-05-09T09:45:30.7735715Z;149
2024-05-09T09:45:30.9466641Z;172
2024-05-09T09:45:31.1139045Z;166
2024-05-09T09:45:31.2946917Z;179
2024-05-09T09:45:31.5029842Z;207
2024-05-09T09:45:31.7398578Z;236
2024-05-09T09:45:31.9852447Z;245
2024-05-09T09:45:32.2609634Z;275
2024-05-09T09:45:32.4687816Z;206
2024-05-09T09:45:32.7503141Z;279
2024-05-09T09:45:32.9739808Z;222
2024-05-09T09:45:33.1902211Z;215
2024-05-09T09:45:33.3634467Z;172
2024-05-09T09:45:33.5095967Z;145
2024-05-09T09:45:33.6897601Z;179
2024-05-09T09:45:33.8490459Z;158
2024-05-09T09:45:34.0155507Z;165
2024-05-09T09:45:34.2035307Z;185
2024-05-09T09:45:34.3562438Z;152
2024-05-09T09:45:34.4926812Z;135
2024-05-09T09:45:34.7244639Z;231
2024-05-09T09:45:34.8929657Z;167
2024-05-09T09:45:35.0420989Z;148
2024-05-09T09:45:35.1967261Z;152
2024-05-09T09:45:35.3395999Z;142
2024-05-09T09:45:35.5650531Z;225
2024-05-09T09:45:35.7664297Z;200
2024-05-09T09:45:36.0468915Z;280
2024-05-09T09:45:36.2905329Z;243
2024-05-09T09:45:36.5529374Z;262
2024-05-09T09:45:36.7799349Z;226
2024-05-09T09:45:37.0370524Z;256
2024-05-09T09:45:37.2381797Z;185
2024-05-09T09:45:37.4267911Z;188
2024-05-09T09:45:37.5898581Z;162
2024-05-09T09:45:37.7414159Z;150
2024-05-09T09:45:37.8916874Z;149
2024-05-09T09:45:38.0520324Z;159
2024-05-09T09:45:38.2138042Z;153
2024-05-09T09:45:38.3931896Z;179
2024-05-09T09:45:38.5595813Z;166
2024-05-09T09:45:38.7310541Z;171
2024-05-09T09:45:38.9223786Z;190
2024-05-09T09:45:39.0651012Z;142
2024-05-09T09:45:39.2502976Z;184
2024-05-09T09:45:39.4273273Z;176
2024-05-09T09:45:39.6216065Z;193
2024-05-09T09:45:39.8620395Z;237
2024-05-09T09:45:40.0971113Z;234
2024-05-09T09:45:40.3443304Z;246
2024-05-09T09:45:40.5654990Z;220
2024-05-09T09:45:40.7944244Z;228
2024-05-09T09:45:41.0585227Z;263
2024-05-09T09:45:41.3157057Z;256
2024-05-09T09:45:41.4323327Z;116
2024-05-09T09:45:41.6293595Z;196
2024-05-09T09:45:41.7981786Z;168
2024-05-09T09:45:41.9644231Z;165
2024-05-09T09:45:42.1325433Z;167
2024-05-09T09:45:42.3286753Z;195
2024-05-09T09:45:42.4880429Z;158
2024-05-09T09:45:42.6582690Z;169
2024-05-09T09:45:42.8138924Z;154
2024-05-09T09:45:43.0264498Z;212
2024-05-09T09:45:43.1793942Z;152
2024-05-09T09:45:43.3305590Z;150
2024-05-09T09:45:43.4822994Z;151
2024-05-09T09:45:43.7416954Z;258
2024-05-09T09:45:43.9960421Z;254
2024-05-09T09:45:44.2129187Z;216
2024-05-09T09:45:44.4632571Z;250
2024-05-09T09:45:44.7554915Z;291
2024-05-09T09:45:44.9842376Z;228
2024-05-09T09:45:45.2615256Z;276
2024-05-09T09:45:45.4814714Z;219
2024-05-09T09:45:45.5930544Z;110
2024-05-09T09:45:45.7864600Z;192
2024-05-09T09:45:45.9463199Z;159
2024-05-09T09:45:46.0931488Z;146
2024-05-09T09:45:46.2396095Z;145
2024-05-09T09:45:46.3858602Z;145
2024-05-09T09:45:46.5388676Z;152
2024-05-09T09:45:46.7102000Z;170
2024-05-09T09:45:46.9269718Z;216
2024-05-09T09:45:47.0866143Z;159
2024-05-09T09:45:47.2539763Z;167
2024-05-09T09:45:47.4180858Z;163
2024-05-09T09:45:47.5369946Z;118
2024-05-09T09:45:47.7589636Z;221
2024-05-09T09:45:47.9857304Z;226
2024-05-09T09:45:48.2866536Z;300
2024-05-09T09:45:48.4832786Z;181
2024-05-09T09:45:48.6505137Z;166
2024-05-09T09:45:48.7958832Z;145
2024-05-09T09:45:48.9462637Z;150
2024-05-09T09:45:49.0866949Z;140
2024-05-09T09:45:49.2869455Z;199
2024-05-09T09:45:49.4377285Z;150
2024-05-09T09:45:49.5924392Z;154
2024-05-09T09:45:49.7522794Z;159
2024-05-09T09:45:49.8947523Z;141
2024-05-09T09:45:50.0410055Z;145
2024-05-09T09:45:50.2006784Z;159
2024-05-09T09:45:50.3569800Z;155
2024-05-09T09:45:50.5088713Z;151
2024-05-09T09:45:50.6829638Z;173
2024-05-09T09:45:50.8510938Z;167
2024-05-09T09:45:51.0045715Z;153
2024-05-09T09:45:51.1870930Z;182
2024-05-09T09:45:51.3452626Z;157
2024-05-09T09:45:51.4916345Z;145
2024-05-09T09:45:51.6274686Z;135
2024-05-09T09:45:51.8439822Z;216
2024-05-09T09:45:52.0592012Z;214
2024-05-09T09:45:52.3878247Z;325
2024-05-09T09:45:52.6133778Z;225
2024-05-09T09:45:52.8359253Z;222
2024-05-09T09:45:53.0341059Z;197
2024-05-09T09:45:53.2476397Z;213
2024-05-09T09:45:53.4792652Z;231
2024-05-09T09:45:53.7332463Z;253
2024-05-09T09:45:54.0189246Z;285
2024-05-09T09:45:54.2826227Z;255
2024-05-09T09:45:54.4003714Z;116
2024-05-09T09:45:54.5518530Z;151
2024-05-09T09:45:54.7919846Z;239
2024-05-09T09:45:54.9649716Z;172
2024-05-09T09:45:55.1146413Z;149
2024-05-09T09:45:55.2918845Z;176
2024-05-09T09:45:55.4339156Z;141
2024-05-09T09:45:55.5750820Z;140
2024-05-09T09:45:55.7174107Z;141
2024-05-09T09:45:55.8846675Z;166
2024-05-09T09:45:56.0557126Z;170
2024-05-09T09:45:56.2271756Z;171
2024-05-09T09:45:56.3733685Z;145
2024-05-09T09:45:56.5418513Z;168
2024-05-09T09:45:56.7749637Z;232
2024-05-09T09:45:57.0362727Z;260
2024-05-09T09:45:57.2573809Z;220
2024-05-09T09:45:57.5515731Z;292
2024-05-09T09:45:57.7698752Z;217
2024-05-09T09:45:58.0023698Z;231
2024-05-09T09:45:58.2529451Z;249
2024-05-09T09:45:58.4236124Z;170
2024-05-09T09:45:58.6505147Z;226
2024-05-09T09:45:58.8739805Z;223
2024-05-09T09:45:59.0444204Z;169
2024-05-09T09:45:59.2253417Z;180
2024-05-09T09:45:59.3614292Z;135
2024-05-09T09:45:59.5476653Z;185
2024-05-09T09:45:59.7459083Z;197
2024-05-09T09:45:59.8640182Z;117
2024-05-09T09:46:00.0202413Z;155
2024-05-09T09:46:00.1903265Z;169
2024-05-09T09:46:00.3360507Z;145
2024-05-09T09:46:00.4811925Z;144
2024-05-09T09:46:00.6368909Z;155
2024-05-09T09:46:00.7965929Z;159
2024-05-09T09:46:00.9712794Z;174
2024-05-09T09:46:01.1335707Z;161
2024-05-09T09:46:01.3444867Z;210
2024-05-09T09:46:01.6301063Z;285
2024-05-09T09:46:01.9123330Z;281
2024-05-09T09:46:02.1450360Z;232
2024-05-09T09:46:02.3856011Z;240
2024-05-09T09:46:02.6620318Z;276
2024-05-09T09:46:02.9073715Z;245
2024-05-09T09:46:03.1416493Z;233
2024-05-09T09:46:03.4149642Z;272
2024-05-09T09:46:03.6654375Z;250
2024-05-09T09:46:03.7617296Z;95
2024-05-09T09:46:04.0019747Z;239
2024-05-09T09:46:04.1777127Z;175
2024-05-09T09:46:04.3323743Z;154
2024-05-09T09:46:04.4769851Z;144
2024-05-09T09:46:04.6975364Z;220
2024-05-09T09:46:04.8387395Z;140
2024-05-09T09:46:05.0382982Z;199
2024-05-09T09:46:05.1651134Z;126
2024-05-09T09:46:05.3190360Z;134
2024-05-09T09:46:05.4837059Z;164
2024-05-09T09:46:05.6415183Z;157
2024-05-09T09:46:05.7777486Z;135
2024-05-09T09:46:05.9777182Z;199
2024-05-09T09:46:06.2180562Z;239
2024-05-09T09:46:06.4479653Z;229
2024-05-09T09:46:06.6775018Z;227
2024-05-09T09:46:06.9002716Z;222
2024-05-09T09:46:07.1452733Z;244
2024-05-09T09:46:07.4078937Z;262
2024-05-09T09:46:07.6686740Z;260
2024-05-09T09:46:07.9064848Z;237
2024-05-09T09:46:08.0310621Z;85
2024-05-09T09:46:08.2870278Z;255
2024-05-09T09:46:08.5103027Z;222
2024-05-09T09:46:08.6510401Z;140
2024-05-09T09:46:08.8146233Z;163
2024-05-09T09:46:08.9723874Z;157
2024-05-09T09:46:09.1036941Z;130
2024-05-09T09:46:09.2530504Z;149
2024-05-09T09:46:09.4506435Z;177
2024-05-09T09:46:09.6067140Z;155
2024-05-09T09:46:09.7840984Z;113
2024-05-09T09:46:09.9337497Z;149
2024-05-09T09:46:10.0715783Z;137
2024-05-09T09:46:10.2201953Z;148
2024-05-09T09:46:10.3713723Z;150
2024-05-09T09:46:10.5206928Z;147
2024-05-09T09:46:10.7252087Z;204
2024-05-09T09:46:10.9656140Z;240
2024-05-09T09:46:11.2076239Z;240
2024-05-09T09:46:11.4043936Z;196
2024-05-09T09:46:11.6196876Z;214
2024-05-09T09:46:11.9082945Z;288
2024-05-09T09:46:12.0899318Z;181
2024-05-09T09:46:12.3301454Z;239
2024-05-09T09:46:12.5587677Z;228
2024-05-09T09:46:12.8174648Z;258
2024-05-09T09:46:13.0610256Z;243
2024-05-09T09:46:13.2058111Z;144
2024-05-09T09:46:13.3603228Z;153
2024-05-09T09:46:13.5050527Z;144
2024-05-09T09:46:13.6729658Z;167
2024-05-09T09:46:13.8394216Z;166
2024-05-09T09:46:14.0647794Z;225
2024-05-09T09:46:14.2459253Z;180
2024-05-09T09:46:14.4024413Z;156
2024-05-09T09:46:14.5535667Z;150
2024-05-09T09:46:14.7536194Z;199
2024-05-09T09:46:14.9130378Z;159
2024-05-09T09:46:15.0694510Z;156
2024-05-09T09:46:15.2478521Z;178
2024-05-09T09:46:15.4374464Z;189
2024-05-09T09:46:15.6374425Z;199
2024-05-09T09:46:15.8493082Z;209
2024-05-09T09:46:16.0896920Z;240
2024-05-09T09:46:16.2913015Z;170
2024-05-09T09:46:16.5282460Z;236
2024-05-09T09:46:16.7780698Z;248
2024-05-09T09:46:17.0475253Z;269
2024-05-09T09:46:17.2407399Z;192
2024-05-09T09:46:17.5260640Z;285
2024-05-09T09:46:17.7595935Z;232
2024-05-09T09:46:17.9583362Z;198
2024-05-09T09:46:18.0944061Z;135
2024-05-09T09:46:18.2558041Z;161
2024-05-09T09:46:18.4125302Z;155
2024-05-09T09:46:18.5600201Z;147
2024-05-09T09:46:18.7397771Z;179
2024-05-09T09:46:18.9480989Z;207
2024-05-09T09:46:19.1549092Z;206
2024-05-09T09:46:19.3027438Z;147
2024-05-09T09:46:19.4977039Z;194
2024-05-09T09:46:19.6086742Z;110
2024-05-09T09:46:19.7851633Z;176
2024-05-09T09:46:19.9850932Z;198
2024-05-09T09:46:20.1430534Z;157
2024-05-09T09:46:20.3212724Z;177
2024-05-09T09:46:20.5572733Z;235
2024-05-09T09:46:20.7884422Z;230
2024-05-09T09:46:21.0184511Z;229
2024-05-09T09:46:21.2781313Z;258
2024-05-09T09:46:21.4960108Z;217
2024-05-09T09:46:21.7178169Z;221
2024-05-09T09:46:21.9546303Z;236
2024-05-09T09:46:22.2404354Z;285
2024-05-09T09:46:22.4889852Z;248
2024-05-09T09:46:22.7428413Z;253
2024-05-09T09:46:22.9093424Z;166
2024-05-09T09:46:23.0755932Z;165
2024-05-09T09:46:23.2252514Z;149
2024-05-09T09:46:23.3855518Z;159
2024-05-09T09:46:23.5782931Z;192
2024-05-09T09:46:23.7259890Z;147
2024-05-09T09:46:23.8722404Z;145
2024-05-09T09:46:24.0906366Z;218
2024-05-09T09:46:24.3032438Z;212
2024-05-09T09:46:24.4284832Z;124
2024-05-09T09:46:24.5796925Z;150
2024-05-09T09:46:24.8044693Z;224
2024-05-09T09:46:24.9544509Z;149
2024-05-09T09:46:25.1763016Z;220
2024-05-09T09:46:25.4266761Z;250
2024-05-09T09:46:25.6501456Z;223
2024-05-09T09:46:25.8921866Z;241
2024-05-09T09:46:26.1224113Z;229
2024-05-09T09:46:26.4148559Z;292
2024-05-09T09:46:26.6349736Z;200
2024-05-09T09:46:26.8938141Z;258
2024-05-09T09:46:27.2394673Z;345
2024-05-09T09:46:27.4864838Z;246
2024-05-09T09:46:27.7205972Z;233
2024-05-09T09:46:27.9027415Z;181
2024-05-09T09:46:28.0642314Z;161
2024-05-09T09:46:28.2266400Z;162
2024-05-09T09:46:28.3964453Z;168
2024-05-09T09:46:28.5543366Z;156
2024-05-09T09:46:28.7103861Z;155
2024-05-09T09:46:28.9339787Z;223
2024-05-09T09:46:29.1751923Z;240
2024-05-09T09:46:29.4164221Z;240
2024-05-09T09:46:29.6364800Z;219
2024-05-09T09:46:29.8498898Z;213
2024-05-09T09:46:30.0784137Z;228
2024-05-09T09:46:30.3288792Z;250
2024-05-09T09:46:30.5576900Z;228
2024-05-09T09:46:30.8077651Z;249
2024-05-09T09:46:31.0346302Z;226
2024-05-09T09:46:31.2523617Z;217
2024-05-09T09:46:31.4926410Z;239
2024-05-09T09:46:31.7590515Z;266
2024-05-09T09:46:32.0026296Z;243
2024-05-09T09:46:32.2212506Z;168
2024-05-09T09:46:32.4748565Z;253
2024-05-09T09:46:32.6177112Z;142
2024-05-09T09:46:32.8748846Z;256
2024-05-09T09:46:33.1168820Z;241
2024-05-09T09:46:33.3890549Z;271
2024-05-09T09:46:33.6361412Z;246
2024-05-09T09:46:33.9053218Z;268
2024-05-09T09:46:34.2159220Z;310
2024-05-09T09:46:34.4613016Z;244
2024-05-09T09:46:34.7436097Z;281
2024-05-09T09:46:34.9947423Z;249
2024-05-09T09:46:35.2628210Z;267
2024-05-09T09:46:35.4697363Z;206
2024-05-09T09:46:35.6925090Z;222
2024-05-09T09:46:35.9519670Z;259
2024-05-09T09:46:36.2326008Z;279
2024-05-09T09:46:36.4763039Z;243
2024-05-09T09:46:36.6696531Z;193
2024-05-09T09:46:36.9116389Z;241
2024-05-09T09:46:37.2056526Z;293
2024-05-09T09:46:37.4328945Z;226
2024-05-09T09:46:37.6662256Z;232
2024-05-09T09:46:37.8773418Z;210
2024-05-09T09:46:38.1298483Z;233
2024-05-09T09:46:38.3752662Z;245
2024-05-09T09:46:38.6088531Z;233
2024-05-09T09:46:38.8408316Z;231
2024-05-09T09:46:39.0785275Z;236
2024-05-09T09:46:39.3073969Z;228
2024-05-09T09:46:39.6038905Z;295
2024-05-09T09:46:39.8508350Z;246
2024-05-09T09:46:40.1046601Z;253
2024-05-09T09:46:40.3571704Z;251
2024-05-09T09:46:40.6093728Z;251
2024-05-09T09:46:40.7923704Z;136
2024-05-09T09:46:41.0067300Z;212
2024-05-09T09:46:41.2490080Z;241
2024-05-09T09:46:41.4794464Z;230
2024-05-09T09:46:41.7851686Z;303
2024-05-09T09:46:42.0377937Z;251
2024-05-09T09:46:42.2709895Z;232
2024-05-09T09:46:42.5512041Z;279
2024-05-09T09:46:42.7884282Z;236
2024-05-09T09:46:43.0136678Z;224
2024-05-09T09:46:43.2690824Z;255
2024-05-09T09:46:43.5090820Z;238
2024-05-09T09:46:43.7534529Z;243
2024-05-09T09:46:43.9862425Z;232
2024-05-09T09:46:44.2473767Z;260
2024-05-09T09:46:44.4812699Z;233
2024-05-09T09:46:44.7564028Z;274
2024-05-09T09:46:44.9828272Z;226
2024-05-09T09:46:45.2488033Z;265
2024-05-09T09:46:45.5097509Z;260
2024-05-09T09:46:45.7680272Z;257
2024-05-09T09:46:46.0352343Z;266
2024-05-09T09:46:46.2838712Z;248
2024-05-09T09:46:46.5265567Z;242
2024-05-09T09:46:46.7427443Z;215
2024-05-09T09:46:46.9859549Z;242
2024-05-09T09:46:47.2365876Z;250
2024-05-09T09:46:47.4284230Z;190
2024-05-09T09:46:47.6385685Z;202
2024-05-09T09:46:47.9427474Z;303
2024-05-09T09:46:48.1910701Z;248
2024-05-09T09:46:48.4567747Z;257
2024-05-09T09:46:48.6771914Z;219
2024-05-09T09:46:48.9056218Z;228
2024-05-09T09:46:49.1479122Z;241
2024-05-09T09:46:49.3644577Z;216
2024-05-09T09:46:49.6339003Z;269
2024-05-09T09:46:49.8618653Z;227
2024-05-09T09:46:50.1340644Z;270
2024-05-09T09:46:50.3705657Z;236
2024-05-09T09:46:50.6382764Z;267
2024-05-09T09:46:50.8910465Z;252
2024-05-09T09:46:51.1409531Z;249
2024-05-09T09:46:51.4235729Z;271
2024-05-09T09:46:51.6987046Z;274
2024-05-09T09:46:51.9476697Z;248
2024-05-09T09:46:52.2197147Z;268
2024-05-09T09:46:52.4888968Z;268
2024-05-09T09:46:52.7154600Z;226
2024-05-09T09:46:52.9355879Z;219
2024-05-09T09:46:53.2011660Z;265
2024-05-09T09:46:53.4582366Z;256
2024-05-09T09:46:53.6633386Z;204
2024-05-09T09:46:53.8841435Z;220
2024-05-09T09:46:54.1343420Z;249
2024-05-09T09:46:54.4256739Z;290
2024-05-09T09:46:54.7473484Z;321
2024-05-09T09:46:54.9893016Z;241
2024-05-09T09:46:55.2916572Z;301
2024-05-09T09:46:55.5267973Z;234
2024-05-09T09:46:55.8632591Z;336
2024-05-09T09:46:56.1084591Z;244
2024-05-09T09:46:56.3438050Z;235
2024-05-09T09:46:56.5786889Z;234
2024-05-09T09:46:56.8108126Z;231
2024-05-09T09:46:57.0396077Z;228
2024-05-09T09:46:57.1874205Z;146
2024-05-09T09:46:57.4395817Z;251
2024-05-09T09:46:57.6993293Z;259
2024-05-09T09:46:57.9285007Z;228
2024-05-09T09:47:00.7229688Z;179
2024-05-09T09:47:00.9686433Z;243
2024-05-09T09:47:01.1895816Z;220
2024-05-09T09:47:01.4221150Z;232
2024-05-09T09:47:01.6550170Z;232
2024-05-09T09:47:01.9327367Z;277
2024-05-09T09:47:02.1735749Z;240
2024-05-09T09:47:02.4071177Z;233
2024-05-09T09:47:02.5682754Z;134
2024-05-09T09:47:02.7971458Z;228
2024-05-09T09:47:09.7423788Z;261
2024-05-09T09:47:09.8361935Z;92
2024-05-09T09:47:10.0895002Z;253
2024-05-09T09:47:10.3258923Z;235
2024-05-09T09:47:10.5648670Z;238
2024-05-09T09:47:10.8535510Z;288
2024-05-09T09:47:11.0958926Z;241
2024-05-09T09:47:11.3090836Z;212
2024-05-09T09:47:11.5578800Z;248
2024-05-09T09:47:11.8354995Z;277
2024-05-09T09:47:12.1156094Z;279
2024-05-09T09:47:12.3981777Z;280
2024-05-09T09:47:12.6786480Z;280
2024-05-09T09:47:12.9574576Z;278
2024-05-09T09:47:13.2413964Z;283
2024-05-09T09:47:13.4742132Z;232
2024-05-09T09:47:13.7071254Z;232
2024-05-09T09:47:13.9860332Z;278
2024-05-09T09:47:14.2349115Z;246
2024-05-09T09:47:14.4577149Z;221
2024-05-09T09:47:14.7035861Z;245
2024-05-09T09:47:14.8818993Z;177
2024-05-09T09:47:15.0330946Z;150
2024-05-09T09:47:15.1777893Z;144
2024-05-09T09:47:15.3171940Z;139
2024-05-09T09:47:15.4869073Z;169
2024-05-09T09:47:15.6717593Z;183
2024-05-09T09:47:15.7994394Z;127
2024-05-09T09:47:15.9978371Z;196
2024-05-09T09:47:16.2463759Z;248
2024-05-09T09:47:16.4616139Z;214
2024-05-09T09:47:16.7048269Z;242
2024-05-09T09:47:16.9557394Z;250
2024-05-09T09:47:17.2039143Z;247
2024-05-09T09:47:17.4372802Z;232
2024-05-09T09:47:17.6629604Z;215
2024-05-09T09:47:17.8568510Z;193
2024-05-09T09:47:18.1002078Z;243
2024-05-09T09:47:18.3236450Z;223
2024-05-09T09:47:18.4480832Z;124
2024-05-09T09:47:18.5908697Z;142
2024-05-09T09:47:18.7572333Z;165
2024-05-09T09:47:18.9001326Z;142
2024-05-09T09:47:19.0378476Z;137
2024-05-09T09:47:19.1773795Z;139
2024-05-09T09:47:19.3373923Z;159
2024-05-09T09:47:19.5185532Z;180
2024-05-09T09:47:19.6667484Z;147
2024-05-09T09:47:19.8193258Z;152
2024-05-09T09:47:20.0025816Z;181
2024-05-09T09:47:20.1772233Z;174
2024-05-09T09:47:20.3369342Z;159
2024-05-09T09:47:20.5282365Z;191
2024-05-09T09:47:20.7957088Z;267
2024-05-09T09:47:21.0411110Z;245
2024-05-09T09:47:21.2961343Z;253
2024-05-09T09:47:21.4057537Z;108
2024-05-09T09:47:21.5906525Z;184
2024-05-09T09:47:21.7318418Z;140
2024-05-09T09:47:21.9690587Z;235
2024-05-09T09:47:22.1271559Z;157
2024-05-09T09:47:22.3115398Z;184
2024-05-09T09:47:22.4609588Z;148
2024-05-09T09:47:22.6341290Z;172
2024-05-09T09:47:22.7889625Z;154
2024-05-09T09:47:22.9418251Z;152
2024-05-09T09:47:23.1014792Z;159
2024-05-09T09:47:23.2543430Z;152
2024-05-09T09:47:23.4090057Z;154
2024-05-09T09:47:23.5888509Z;179
2024-05-09T09:47:23.7131575Z;123
2024-05-09T09:47:23.9332706Z;219
2024-05-09T09:47:24.0898418Z;156
2024-05-09T09:47:24.2643324Z;174
2024-05-09T09:47:24.4341541Z;160
2024-05-09T09:47:24.6917206Z;257
2024-05-09T09:47:24.8914375Z;199
2024-05-09T09:47:25.2340978Z;342
2024-05-09T09:47:25.5517700Z;317
2024-05-09T09:47:25.7835894Z;231
2024-05-09T09:47:26.0256990Z;241
2024-05-09T09:47:26.3297561Z;303
2024-05-09T09:47:26.6045539Z;274
2024-05-09T09:47:26.8189207Z;213
2024-05-09T09:47:27.0369951Z;217
2024-05-09T09:47:27.2423262Z;204
2024-05-09T09:47:27.4191229Z;176
2024-05-09T09:47:27.5927705Z;172
2024-05-09T09:47:27.7499342Z;156
2024-05-09T09:47:27.8983525Z;147
2024-05-09T09:47:28.0642550Z;165
2024-05-09T09:47:28.2574403Z;192
2024-05-09T09:47:28.4085794Z;150
2024-05-09T09:47:28.5886447Z;179
2024-05-09T09:47:28.7448547Z;155
2024-05-09T09:47:28.8948325Z;149
2024-05-09T09:47:29.0674172Z;172
2024-05-09T09:47:29.2185712Z;150
2024-05-09T09:47:29.3665874Z;147
2024-05-09T09:47:29.5799784Z;213
