2024-05-17T12:57:20.6478907Z;8385
2024-05-17T12:57:20.7214033Z;72
2024-05-17T12:57:20.7972696Z;75
2024-05-17T12:57:20.8617209Z;64
2024-05-17T12:57:20.9487495Z;86
2024-05-17T12:57:21.0160297Z;66
2024-05-17T12:57:21.1200224Z;103
2024-05-17T12:57:21.2789805Z;158
2024-05-17T12:57:21.4235523Z;144
2024-05-17T12:57:21.6007743Z;176
2024-05-17T12:57:21.7607747Z;84
2024-05-17T12:57:21.8353062Z;73
2024-05-17T12:57:21.9757860Z;140
2024-05-17T12:57:22.0549037Z;78
2024-05-17T12:57:22.1427421Z;87
2024-05-17T12:57:22.2224666Z;79
2024-05-17T12:57:22.2872043Z;64
2024-05-17T12:57:22.3905380Z;102
2024-05-17T12:57:22.4620600Z;71
2024-05-17T12:57:22.5265341Z;64
2024-05-17T12:57:22.5952749Z;68
2024-05-17T12:57:22.6915532Z;95
2024-05-17T12:57:22.7570906Z;65
2024-05-17T12:57:22.8273770Z;69
2024-05-17T12:57:22.9339763Z;106
2024-05-17T12:57:23.0115735Z;77
2024-05-17T12:57:23.0754123Z;63
2024-05-17T12:57:23.1407189Z;64
2024-05-17T12:57:23.2060827Z;65
2024-05-17T12:57:23.3212597Z;114
2024-05-17T12:57:23.6487511Z;326
2024-05-17T12:57:23.7341568Z;85
2024-05-17T12:57:23.8036851Z;68
2024-05-17T12:57:24.5989226Z;793
2024-05-17T12:57:24.7073936Z;107
2024-05-17T12:57:24.7889392Z;81
2024-05-17T12:57:24.8938774Z;104
2024-05-17T12:57:24.9558997Z;61
2024-05-17T12:57:25.0175264Z;61
2024-05-17T12:57:25.0900578Z;72
2024-05-17T12:57:25.1717843Z;81
2024-05-17T12:57:25.2395064Z;67
2024-05-17T12:57:25.3223012Z;82
2024-05-17T12:57:25.4156859Z;92
2024-05-17T12:57:25.4824099Z;66
2024-05-17T12:57:25.5632878Z;80
2024-05-17T12:57:25.6338166Z;70
2024-05-17T12:57:25.7043087Z;70
2024-05-17T12:57:25.8023684Z;97
2024-05-17T12:57:25.8712808Z;68
2024-05-17T12:57:25.9556182Z;84
2024-05-17T12:57:26.0389938Z;83
2024-05-17T12:57:26.1168408Z;77
2024-05-17T12:57:26.2341248Z;116
2024-05-17T12:57:26.4064245Z;171
2024-05-17T12:57:26.5422204Z;135
2024-05-17T12:57:26.6092951Z;66
2024-05-17T12:57:26.7331960Z;123
2024-05-17T12:57:26.8656305Z;132
2024-05-17T12:57:26.9700648Z;104
2024-05-17T12:57:27.1033305Z;132
2024-05-17T12:57:27.1771718Z;73
2024-05-17T12:57:27.2442934Z;66
2024-05-17T12:57:27.3525665Z;107
2024-05-17T12:57:27.4335099Z;80
2024-05-17T12:57:27.5246493Z;90
2024-05-17T12:57:27.6330921Z;108
2024-05-17T12:57:27.6967597Z;63
2024-05-17T12:57:27.7945699Z;97
2024-05-17T12:57:27.8987100Z;103
2024-05-17T12:57:27.9754774Z;76
2024-05-17T12:57:28.0545406Z;78
2024-05-17T12:57:28.1580683Z;103
2024-05-17T12:57:30.5191115Z;2360
2024-05-17T12:57:30.5974407Z;78
2024-05-17T12:57:30.6630231Z;65
2024-05-17T12:57:30.7266527Z;63
2024-05-17T12:57:30.8006232Z;73
2024-05-17T12:57:30.8780784Z;76
2024-05-17T12:57:30.9926829Z;114
2024-05-17T12:57:31.0931323Z;100
2024-05-17T12:57:31.2697178Z;176
2024-05-17T12:57:31.3969026Z;124
2024-05-17T12:57:31.5386699Z;141
2024-05-17T12:57:31.6367824Z;97
2024-05-17T12:57:31.8173829Z;180
2024-05-17T12:57:31.9121110Z;94
2024-05-17T12:57:32.0445140Z;132
2024-05-17T12:57:32.1598987Z;115
2024-05-17T12:57:35.4342134Z;3274
2024-05-17T12:57:35.5117794Z;77
2024-05-17T12:57:35.5748080Z;62
2024-05-17T12:57:35.6715368Z;96
2024-05-17T12:57:35.7348924Z;62
2024-05-17T12:57:35.8315059Z;96
2024-05-17T12:57:35.9072774Z;75
2024-05-17T12:57:35.9921568Z;84
2024-05-17T12:57:36.0946738Z;102
2024-05-17T12:57:36.1723085Z;77
2024-05-17T12:57:36.5129943Z;340
2024-05-17T12:57:36.6798074Z;166
2024-05-17T12:57:36.7641167Z;83
2024-05-17T12:57:36.9637368Z;199
2024-05-17T12:57:37.0807025Z;116
2024-05-17T12:57:37.1826967Z;101
2024-05-17T12:57:37.2578160Z;74
2024-05-17T12:57:37.3714520Z;113
2024-05-17T12:57:37.4620793Z;90
2024-05-17T12:57:37.5339954Z;70
2024-05-17T12:57:37.6281702Z;93
2024-05-17T12:57:37.7055415Z;76
2024-05-17T12:57:37.7791333Z;73
2024-05-17T12:57:37.8912705Z;111
2024-05-17T12:57:37.9582661Z;66
2024-05-17T12:57:38.7691555Z;808
2024-05-17T12:57:40.2503647Z;1480
2024-05-17T12:57:40.3290531Z;78
2024-05-17T12:57:40.3943674Z;65
2024-05-17T12:57:40.4908606Z;96
2024-05-17T12:57:40.5666688Z;75
2024-05-17T12:57:40.6781682Z;111
2024-05-17T12:57:40.7744987Z;96
2024-05-17T12:57:40.8503956Z;75
2024-05-17T12:57:40.9176953Z;67
2024-05-17T12:57:41.0020716Z;83
2024-05-17T12:57:41.1136977Z;111
2024-05-17T12:57:41.2305253Z;116
2024-05-17T12:57:41.4663896Z;235
2024-05-17T12:57:41.7183030Z;251
2024-05-17T12:57:41.8325046Z;113
2024-05-17T12:57:41.9533585Z;120
2024-05-17T12:57:42.0633990Z;109
2024-05-17T12:57:42.2008480Z;130
2024-05-17T12:57:42.3302403Z;128
2024-05-17T12:57:42.4231566Z;92
2024-05-17T12:57:42.5239399Z;100
2024-05-17T12:57:42.6344976Z;110
2024-05-17T12:57:42.7085991Z;73
2024-05-17T12:57:42.8204194Z;111
2024-05-17T12:57:42.9106577Z;89
2024-05-17T12:57:42.9820583Z;71
2024-05-17T12:57:43.0694152Z;87
2024-05-17T12:57:43.1994521Z;125
2024-05-17T12:57:43.7943276Z;594
2024-05-17T12:57:43.8580199Z;63
2024-05-17T12:57:43.9455083Z;87
2024-05-17T12:57:44.0351565Z;89
2024-05-17T12:57:44.1367099Z;101
2024-05-17T12:57:44.2003676Z;63
2024-05-17T12:57:44.2620758Z;61
2024-05-17T12:57:44.3449382Z;82
2024-05-17T12:57:44.4171494Z;71
2024-05-17T12:57:44.4808874Z;63
2024-05-17T12:57:44.5547894Z;73
2024-05-17T12:57:44.6153269Z;60
2024-05-17T12:57:44.6770506Z;61
2024-05-17T12:57:44.7491461Z;64
2024-05-17T12:57:44.8127614Z;61
2024-05-17T12:57:44.9454200Z;68
2024-05-17T12:57:45.0072478Z;61
2024-05-17T12:57:45.0691698Z;61
2024-05-17T12:57:45.1311767Z;61
2024-05-17T12:57:45.1914580Z;59
2024-05-17T12:57:46.5747446Z;1382
2024-05-17T12:57:46.7536508Z;178
2024-05-17T12:57:47.2915787Z;537
2024-05-17T12:57:48.0540843Z;756
2024-05-17T12:57:48.1886013Z;133
2024-05-17T12:57:51.4964714Z;3307
2024-05-17T12:57:51.6573543Z;160
2024-05-17T12:57:51.7571003Z;99
2024-05-17T12:57:52.0865707Z;329
2024-05-17T12:57:52.2399540Z;153
2024-05-17T12:57:52.8672980Z;627
2024-05-17T12:57:52.9676671Z;100
2024-05-17T12:57:56.3819582Z;3413
2024-05-17T12:57:56.5228821Z;138
2024-05-17T12:57:56.9450715Z;421
2024-05-17T12:57:57.9830520Z;1037
2024-05-17T12:57:58.5545661Z;569
2024-05-17T12:57:58.6703385Z;112
2024-05-17T12:57:58.7496619Z;78
2024-05-17T12:57:58.8442379Z;94
2024-05-17T12:57:58.9094814Z;64
2024-05-17T12:57:58.9904229Z;79
2024-05-17T12:57:59.0728524Z;81
2024-05-17T12:57:59.2037461Z;130
2024-05-17T12:57:59.2959295Z;91
2024-05-17T12:57:59.3911618Z;94
2024-05-17T12:57:59.4601239Z;68
2024-05-17T12:57:59.5234674Z;62
2024-05-17T12:57:59.5942964Z;70
2024-05-17T12:57:59.6562741Z;61
2024-05-17T12:57:59.7250314Z;68
2024-05-17T12:57:59.7905005Z;65
2024-05-17T12:57:59.8510138Z;59
2024-05-17T12:57:59.9133054Z;61
2024-05-17T12:57:59.9746671Z;61
2024-05-17T12:58:00.0415527Z;66
2024-05-17T12:58:00.1039464Z;61
2024-05-17T12:58:00.1637179Z;59
2024-05-17T12:58:00.2256898Z;61
2024-05-17T12:58:00.2858378Z;59
2024-05-17T12:58:00.3461015Z;59
2024-05-17T12:58:00.4132921Z;66
2024-05-17T12:58:00.4734009Z;59
2024-05-17T12:58:00.5354210Z;61
2024-05-17T12:58:00.5956262Z;59
2024-05-17T12:58:00.6902130Z;94
2024-05-17T12:58:00.7574993Z;66
2024-05-17T12:58:00.8209734Z;63
2024-05-17T12:58:00.8811726Z;59
2024-05-17T12:58:01.2242044Z;342
2024-05-17T12:58:01.3679868Z;143
2024-05-17T12:58:01.5681720Z;198
2024-05-17T12:58:01.7311391Z;162
2024-05-17T12:58:01.9530920Z;221
2024-05-17T12:58:02.1165893Z;162
2024-05-17T12:58:02.4797467Z;362
2024-05-17T12:58:02.6895128Z;209
2024-05-17T12:58:02.7777939Z;87
2024-05-17T12:58:02.9153653Z;137
2024-05-17T12:58:02.9945669Z;78
2024-05-17T12:58:03.1397976Z;144
2024-05-17T12:58:03.2420151Z;101
2024-05-17T12:58:06.6953049Z;3452
2024-05-17T12:58:07.1795339Z;475
2024-05-17T12:58:07.3296319Z;142
2024-05-17T12:58:07.4246819Z;94
2024-05-17T12:58:07.5245647Z;99
2024-05-17T12:58:07.6201466Z;95
2024-05-17T12:58:07.7661454Z;145
2024-05-17T12:58:07.8590312Z;92
2024-05-17T12:58:07.9373400Z;78
2024-05-17T12:58:08.0768674Z;139
2024-05-17T12:58:08.1783078Z;101
2024-05-17T12:58:08.2572676Z;78
2024-05-17T12:58:08.3588329Z;101
2024-05-17T12:58:08.4736346Z;114
2024-05-17T12:58:08.5699677Z;90
2024-05-17T12:58:08.6961782Z;125
2024-05-17T12:58:08.8388618Z;142
2024-05-17T12:58:09.0109560Z;171
2024-05-17T12:58:09.0817703Z;70
2024-05-17T12:58:09.2162824Z;115
2024-05-17T12:58:09.2901066Z;73
2024-05-17T12:58:09.3633423Z;72
2024-05-17T12:58:09.4547244Z;91
2024-05-17T12:58:09.5306562Z;75
2024-05-17T12:58:09.6165694Z;85
2024-05-17T12:58:09.6800807Z;63
2024-05-17T12:58:09.8439019Z;163
2024-05-17T12:58:09.9664431Z;121
2024-05-17T12:58:10.0793734Z;111
2024-05-17T12:58:10.1705182Z;90
2024-05-17T12:58:10.2782011Z;107
2024-05-17T12:58:11.7352875Z;1441
2024-05-17T12:58:11.8481827Z;110
2024-05-17T12:58:11.9444863Z;87
2024-05-17T12:58:12.1112489Z;166
2024-05-17T12:58:12.2337427Z;122
2024-05-17T12:58:12.3231635Z;88
2024-05-17T12:58:12.4126305Z;88
2024-05-17T12:58:12.5604854Z;147
2024-05-17T12:58:12.7307517Z;170
2024-05-17T12:58:12.8262287Z;95
2024-05-17T12:58:12.9801783Z;153
2024-05-17T12:58:13.0765370Z;96
2024-05-17T12:58:13.1832796Z;106
2024-05-17T12:58:13.3723754Z;188
2024-05-17T12:58:13.4564314Z;83
2024-05-17T12:58:13.5600193Z;103
2024-05-17T12:58:13.6443241Z;83
2024-05-17T12:58:13.7553134Z;110
2024-05-17T12:58:13.8554420Z;99
2024-05-17T12:58:13.9344512Z;78
2024-05-17T12:58:14.0319212Z;97
2024-05-17T12:58:14.1417684Z;109
2024-05-17T12:58:14.3112327Z;168
2024-05-17T12:58:14.4172809Z;105
2024-05-17T12:58:14.5116677Z;93
2024-05-17T12:58:14.5879806Z;74
2024-05-17T12:58:14.7540892Z;165
2024-05-17T12:58:14.8522271Z;97
2024-05-17T12:58:14.9433314Z;90
2024-05-17T12:58:15.0136615Z;67
2024-05-17T12:58:15.1257013Z;111
2024-05-17T12:58:15.2083065Z;82
2024-05-17T12:58:15.3013943Z;92
2024-05-17T12:58:15.3910521Z;89
2024-05-17T12:58:15.5799409Z;188
2024-05-17T12:58:15.6645133Z;84
2024-05-17T12:58:15.7522911Z;87
2024-05-17T12:58:15.8621207Z;109
2024-05-17T12:58:15.9340806Z;71
2024-05-17T12:58:16.0318058Z;97
2024-05-17T12:58:16.1632504Z;130
2024-05-17T12:58:16.2889684Z;125
2024-05-17T12:58:16.4024653Z;113
2024-05-17T12:58:16.5256471Z;122
2024-05-17T12:58:16.6399992Z;113
2024-05-17T12:58:16.7638906Z;123
2024-05-17T12:58:16.8987516Z;134
2024-05-17T12:58:17.0201216Z;120
2024-05-17T12:58:17.1426624Z;121
2024-05-17T12:58:17.6510054Z;507
2024-05-17T12:58:17.7620406Z;110
2024-05-17T12:58:17.8652256Z;102
2024-05-17T12:58:17.9482292Z;82
2024-05-17T12:58:18.0681206Z;119
2024-05-17T12:58:18.1936720Z;124
2024-05-17T12:58:18.2774169Z;83
2024-05-17T12:58:18.3811174Z;103
2024-05-17T12:58:18.5066314Z;125
2024-05-17T12:58:18.6046262Z;97
2024-05-17T12:58:18.6948517Z;89
2024-05-17T12:58:18.8833892Z;188
2024-05-17T12:58:18.9693957Z;85
2024-05-17T12:58:19.1405512Z;166
2024-05-17T12:58:19.2259298Z;84
2024-05-17T12:58:19.3176761Z;91
2024-05-17T12:58:19.4569732Z;138
2024-05-17T12:58:19.5501811Z;75
2024-05-17T12:58:19.6808680Z;89
2024-05-17T12:58:19.7539016Z;72
2024-05-17T12:58:19.8679324Z;112
2024-05-17T12:58:19.9455942Z;75
2024-05-17T12:58:20.0842054Z;138
2024-05-17T12:58:20.1542070Z;69
2024-05-17T12:58:20.2703144Z;115
2024-05-17T12:58:20.4361506Z;128
2024-05-17T12:58:20.5061084Z;69
2024-05-17T12:58:20.6101443Z;97
2024-05-17T12:58:20.7407413Z;129
2024-05-17T12:58:20.9223571Z;181
2024-05-17T12:58:20.9862197Z;63
2024-05-17T12:58:21.1043194Z;117
2024-05-17T12:58:21.2170431Z;112
2024-05-17T12:58:21.3875015Z;167
2024-05-17T12:58:21.5146231Z;126
2024-05-17T12:58:21.6508256Z;134
2024-05-17T12:58:21.7260981Z;74
2024-05-17T12:58:21.8168579Z;90
2024-05-17T12:58:21.9134080Z;96
2024-05-17T12:58:22.0146415Z;100
2024-05-17T12:58:22.1030106Z;87
2024-05-17T12:58:22.2117267Z;108
2024-05-17T12:58:22.3590120Z;146
2024-05-17T12:58:22.4570501Z;97
2024-05-17T12:58:22.6309542Z;172
2024-05-17T12:58:22.7395079Z;101
2024-05-17T12:58:22.8160728Z;75
2024-05-17T12:58:22.9206211Z;103
2024-05-17T12:58:23.0046911Z;83
2024-05-17T12:58:23.1303442Z;113
2024-05-17T12:58:23.3184015Z;173
2024-05-17T12:58:23.4180392Z;99
2024-05-17T12:58:23.5264600Z;101
2024-05-17T12:58:23.5946775Z;67
2024-05-17T12:58:23.7123983Z;117
2024-05-17T12:58:23.8041372Z;90
2024-05-17T12:58:23.9351865Z;129
2024-05-17T12:58:24.0554812Z;120
2024-05-17T12:58:24.1260430Z;70
2024-05-17T12:58:24.2125468Z;85
2024-05-17T12:58:24.3378767Z;96
2024-05-17T12:58:24.4357048Z;88
2024-05-17T12:58:24.5253105Z;89
2024-05-17T12:58:24.6292196Z;99
2024-05-17T12:58:24.7535405Z;121
2024-05-17T12:58:24.9412148Z;184
2024-05-17T12:58:25.0410497Z;99
2024-05-17T12:58:25.1739457Z;129
2024-05-17T12:58:25.2689339Z;87
2024-05-17T12:58:25.4025749Z;132
2024-05-17T12:58:25.5009423Z;98
2024-05-17T12:58:25.6051840Z;103
2024-05-17T12:58:25.7020298Z;96
2024-05-17T12:58:25.8246609Z;122
2024-05-17T12:58:25.9487454Z;123
2024-05-17T12:58:26.0529662Z;103
2024-05-17T12:58:26.2283280Z;173
2024-05-17T12:58:26.3128697Z;84
2024-05-17T12:58:26.4384555Z;98
2024-05-17T12:58:26.5692691Z;130
2024-05-17T12:58:26.7129633Z;96
2024-05-17T12:58:26.8669878Z;152
2024-05-17T12:58:26.9373336Z;70
2024-05-17T12:58:27.0266352Z;89
2024-05-17T12:58:27.1188133Z;91
2024-05-17T12:58:27.3734392Z;100
2024-05-17T12:58:27.4446427Z;69
2024-05-17T12:58:27.5798720Z;134
2024-05-17T12:58:27.7124263Z;132
2024-05-17T12:58:27.8166456Z;103
2024-05-17T12:58:27.9061253Z;88
2024-05-17T12:58:27.9766914Z;70
2024-05-17T12:58:28.0710497Z;93
2024-05-17T12:58:28.1811540Z;108
2024-05-17T12:58:28.2675412Z;86
2024-05-17T12:58:28.4263851Z;157
2024-05-17T12:58:28.5214618Z;94
2024-05-17T12:58:28.6005351Z;78
2024-05-17T12:58:28.8250245Z;224
2024-05-17T12:58:28.8953833Z;70
2024-05-17T12:58:28.9869413Z;81
2024-05-17T12:58:29.0693843Z;81
2024-05-17T12:58:29.2118805Z;141
2024-05-17T12:58:29.3271045Z;114
2024-05-17T12:58:29.4171727Z;89
2024-05-17T12:58:29.5042221Z;85
2024-05-17T12:58:29.6083991Z;103
2024-05-17T12:58:29.6939741Z;85
2024-05-17T12:58:29.7901725Z;95
2024-05-17T12:58:29.8879625Z;95
2024-05-17T12:58:30.0415027Z;153
2024-05-17T12:58:30.1571919Z;114
2024-05-17T12:58:30.2718855Z;114
2024-05-17T12:58:30.3474767Z;75
2024-05-17T12:58:30.4689377Z;98
2024-05-17T12:58:30.5626898Z;93
2024-05-17T12:58:30.6428284Z;79
2024-05-17T12:58:30.7691962Z;126
2024-05-17T12:58:30.8689820Z;99
2024-05-17T12:58:30.9600557Z;90
2024-05-17T12:58:31.0564206Z;93
2024-05-17T12:58:31.1545442Z;97
2024-05-17T12:58:31.2474174Z;77
2024-05-17T12:58:31.3302309Z;82
2024-05-17T12:58:31.4358791Z;105
2024-05-17T12:58:31.5137079Z;77
2024-05-17T12:58:31.6496021Z;134
2024-05-17T12:58:31.7223254Z;72
2024-05-17T12:58:31.8403515Z;117
2024-05-17T12:58:31.9531834Z;112
2024-05-17T12:58:32.0617735Z;107
2024-05-17T12:58:32.1403811Z;78
2024-05-17T12:58:32.2434937Z;102
2024-05-17T12:58:32.3316738Z;87
2024-05-17T12:58:32.4503278Z;118
2024-05-17T12:58:32.5411998Z;90
2024-05-17T12:58:32.6178637Z;76
2024-05-17T12:58:32.7092336Z;89
2024-05-17T12:58:32.7913626Z;81
2024-05-17T12:58:32.9026791Z;110
2024-05-17T12:58:32.9912678Z;88
2024-05-17T12:58:33.0685343Z;76
2024-05-17T12:58:33.1840164Z;114
2024-05-17T12:58:33.3104258Z;125
2024-05-17T12:58:33.4343768Z;123
2024-05-17T12:58:33.5565722Z;121
2024-05-17T12:58:33.6667057Z;109
2024-05-17T12:58:33.8096870Z;142
2024-05-17T12:58:33.9023624Z;91
2024-05-17T12:58:33.9968990Z;94
2024-05-17T12:58:34.0880787Z;90
2024-05-17T12:58:34.1654468Z;76
2024-05-17T12:58:34.3205226Z;154
2024-05-17T12:58:34.4512330Z;130
2024-05-17T12:58:34.6034437Z;151
2024-05-17T12:58:34.6847120Z;80
2024-05-17T12:58:34.7774843Z;92
2024-05-17T12:58:34.9486951Z;170
2024-05-17T12:58:35.0338945Z;84
2024-05-17T12:58:35.1248119Z;90
2024-05-17T12:58:35.2204706Z;95
2024-05-17T12:58:35.3175153Z;96
2024-05-17T12:58:35.4039466Z;86
2024-05-17T12:58:35.5051356Z;100
2024-05-17T12:58:35.5747295Z;69
2024-05-17T12:58:35.7003347Z;125
2024-05-17T12:58:35.7960958Z;94
2024-05-17T12:58:35.9245434Z;118
2024-05-17T12:58:36.0115897Z;86
2024-05-17T12:58:36.1011808Z;89
2024-05-17T12:58:36.2360198Z;133
2024-05-17T12:58:36.3471987Z;110
2024-05-17T12:58:36.4280311Z;80
2024-05-17T12:58:36.5427605Z;114
2024-05-17T12:58:36.6387442Z;95
2024-05-17T12:58:36.7576331Z;118
2024-05-17T12:58:36.8526057Z;94
2024-05-17T12:58:36.9305468Z;77
2024-05-17T12:58:37.0260302Z;95
2024-05-17T12:58:37.0960928Z;69
2024-05-17T12:58:37.1871362Z;90
2024-05-17T12:58:37.2852344Z;97
2024-05-17T12:58:37.3794652Z;93
2024-05-17T12:58:37.4573812Z;76
2024-05-17T12:58:37.5632599Z;105
2024-05-17T12:58:37.6983426Z;134
2024-05-17T12:58:37.8044758Z;105
2024-05-17T12:58:37.9180419Z;113
2024-05-17T12:58:37.9921431Z;73
2024-05-17T12:58:38.1018699Z;109
2024-05-17T12:58:38.2300813Z;120
2024-05-17T12:58:38.3241428Z;87
2024-05-17T12:58:38.4505072Z;126
2024-05-17T12:58:38.5292017Z;78
2024-05-17T12:58:38.6420747Z;111
2024-05-17T12:58:38.7144589Z;72
2024-05-17T12:58:38.8928219Z;175
2024-05-17T12:58:38.9898283Z;96
2024-05-17T12:58:39.0741801Z;79
2024-05-17T12:58:39.1630350Z;88
2024-05-17T12:58:39.2743135Z;110
2024-05-17T12:58:39.3544588Z;79
2024-05-17T12:58:39.5130594Z;158
2024-05-17T12:58:39.5973652Z;84
2024-05-17T12:58:39.7253681Z;127
2024-05-17T12:58:39.8180107Z;90
2024-05-17T12:58:39.9347234Z;115
2024-05-17T12:58:40.0241179Z;89
2024-05-17T12:58:40.1082800Z;83
2024-05-17T12:58:40.2184789Z;109
2024-05-17T12:58:40.2950490Z;76
2024-05-17T12:58:40.3970789Z;101
2024-05-17T12:58:40.9101749Z;512
2024-05-17T12:58:41.2370102Z;326
2024-05-17T12:58:41.3455026Z;108
2024-05-17T12:58:41.4896150Z;143
2024-05-17T12:58:41.6181668Z;128
2024-05-17T12:58:41.7230210Z;104
2024-05-17T12:58:41.8511216Z;127
2024-05-17T12:58:42.0914040Z;239
2024-05-17T12:58:42.2463094Z;154
2024-05-17T12:58:42.4018072Z;155
2024-05-17T12:58:42.5983128Z;196
2024-05-17T12:58:42.7191780Z;120
2024-05-17T12:58:42.8492603Z;129
2024-05-17T12:58:43.0246628Z;174
2024-05-17T12:58:43.1118519Z;86
2024-05-17T12:58:43.3602040Z;247
2024-05-17T12:58:43.4690684Z;108
2024-05-17T12:58:43.5551752Z;85
2024-05-17T12:58:43.6526579Z;97
2024-05-17T12:58:43.7297475Z;76
2024-05-17T12:58:43.8371750Z;105
2024-05-17T12:58:43.9435874Z;106
2024-05-17T12:58:44.0176506Z;73
2024-05-17T12:58:44.1383585Z;119
2024-05-17T12:58:44.2911270Z;118
2024-05-17T12:58:44.4491957Z;157
2024-05-17T12:58:44.5728293Z;123
2024-05-17T12:58:44.7408458Z;167
2024-05-17T12:58:44.9344696Z;193
2024-05-17T12:58:45.2579468Z;323
2024-05-17T12:58:45.4060581Z;147
2024-05-17T12:58:45.5070002Z;100
2024-05-17T12:58:45.6228446Z;115
2024-05-17T12:58:45.7550202Z;131
2024-05-17T12:58:45.8894285Z;134
2024-05-17T12:58:46.0032164Z;113
2024-05-17T12:58:46.0805323Z;76
2024-05-17T12:58:46.2145702Z;133
2024-05-17T12:58:46.2957580Z;80
2024-05-17T12:58:46.4159965Z;118
2024-05-17T12:58:46.4992095Z;82
2024-05-17T12:58:46.5953430Z;94
2024-05-17T12:58:46.6835621Z;87
2024-05-17T12:58:46.7775201Z;93
2024-05-17T12:58:46.8676960Z;89
2024-05-17T12:58:46.9720399Z;103
2024-05-17T12:58:47.0593805Z;86
2024-05-17T12:58:47.1580088Z;94
2024-05-17T12:58:47.2892598Z;130
2024-05-17T12:58:47.4034998Z;113
2024-05-17T12:58:47.5050768Z;101
2024-05-17T12:58:47.5879115Z;82
2024-05-17T12:58:47.7201126Z;131
2024-05-17T12:58:47.8164726Z;96
2024-05-17T12:58:47.9037060Z;86
2024-05-17T12:58:47.9899850Z;85
2024-05-17T12:58:48.0900262Z;99
2024-05-17T12:58:48.1669386Z;76
2024-05-17T12:58:48.2413661Z;74
2024-05-17T12:58:48.3326252Z;90
2024-05-17T12:58:48.4926133Z;159
2024-05-17T12:58:48.5752226Z;82
2024-05-17T12:58:48.6868178Z;111
2024-05-17T12:58:48.8246372Z;118
2024-05-17T12:58:48.9338575Z;108
2024-05-17T12:58:49.0459227Z;111
2024-05-17T12:58:49.1258899Z;79
2024-05-17T12:58:49.2260573Z;99
2024-05-17T12:58:49.3322108Z;105
2024-05-17T12:58:49.4393902Z;102
2024-05-17T12:58:49.5467140Z;105
2024-05-17T12:58:49.6299658Z;82
2024-05-17T12:58:49.7448452Z;114
2024-05-17T12:58:49.9644956Z;217
2024-05-17T12:58:50.0686778Z;103
2024-05-17T12:58:50.1530569Z;84
2024-05-17T12:58:50.2373795Z;83
2024-05-17T12:58:50.3614359Z;123
2024-05-17T12:58:50.4691697Z;106
2024-05-17T12:58:50.5535181Z;83
2024-05-17T12:58:50.6467803Z;92
2024-05-17T12:58:50.8115874Z;164
2024-05-17T12:58:50.8967051Z;83
2024-05-17T12:58:50.9974523Z;100
2024-05-17T12:58:51.0954205Z;97
2024-05-17T12:58:51.2265495Z;117
2024-05-17T12:58:51.3101750Z;83
2024-05-17T12:58:51.3758463Z;64
2024-05-17T12:58:51.4940737Z;117
2024-05-17T12:58:51.6025426Z;107
2024-05-17T12:58:51.7750492Z;106
2024-05-17T12:58:51.8512614Z;75
2024-05-17T12:58:51.9270583Z;75
2024-05-17T12:58:52.0418468Z;114
2024-05-17T12:58:52.1396605Z;97
2024-05-17T12:58:52.2211984Z;75
2024-05-17T12:58:52.3206597Z;99
2024-05-17T12:58:52.4346150Z;113
2024-05-17T12:58:52.5480819Z;108
2024-05-17T12:58:52.6183073Z;69
2024-05-17T12:58:52.7339908Z;115
2024-05-17T12:58:52.8423300Z;107
2024-05-17T12:58:52.9319006Z;88
2024-05-17T12:58:53.0176676Z;85
2024-05-17T12:58:53.1614731Z;143
2024-05-17T12:58:53.2551038Z;93
2024-05-17T12:58:53.3730835Z;117
2024-05-17T12:58:53.4649144Z;91
2024-05-17T12:58:53.5659359Z;100
2024-05-17T12:58:53.6731653Z;106
2024-05-17T12:58:53.7965207Z;121
2024-05-17T12:58:53.8935806Z;91
2024-05-17T12:58:54.0066153Z;112
2024-05-17T12:58:54.0770317Z;70
2024-05-17T12:58:54.1809166Z;103
2024-05-17T12:58:54.2633858Z;82
2024-05-17T12:58:54.3693912Z;80
2024-05-17T12:58:54.4342460Z;64
2024-05-17T12:58:54.5624814Z;127
2024-05-17T12:58:54.7167641Z;153
2024-05-17T12:58:54.9109886Z;193
2024-05-17T12:58:55.0806707Z;169
2024-05-17T12:58:55.1795923Z;98
2024-05-17T12:58:55.2577813Z;77
2024-05-17T12:58:55.3594304Z;101
2024-05-17T12:58:55.4385509Z;73
2024-05-17T12:58:55.5263384Z;87
2024-05-17T12:58:55.6282724Z;101
2024-05-17T12:58:55.7324249Z;103
2024-05-17T12:58:55.9084567Z;120
2024-05-17T12:58:56.0050842Z;96
2024-05-17T12:58:56.1268700Z;121
2024-05-17T12:58:56.1948971Z;65
2024-05-17T12:58:56.3031284Z;105
2024-05-17T12:58:56.4048064Z;100
2024-05-17T12:58:56.5226750Z;115
2024-05-17T12:58:56.6355755Z;111
2024-05-17T12:58:56.7445839Z;108
2024-05-17T12:58:56.8340802Z;86
2024-05-17T12:58:56.9505144Z;116
2024-05-17T12:58:57.0354511Z;84
2024-05-17T12:58:57.1298549Z;94
2024-05-17T12:58:57.2431370Z;110
2024-05-17T12:58:57.4014053Z;151
2024-05-17T12:58:57.5157923Z;113
2024-05-17T12:58:57.5944167Z;77
2024-05-17T12:58:57.6728339Z;77
2024-05-17T12:58:57.7741600Z;99
2024-05-17T12:58:57.8736664Z;99
2024-05-17T12:58:57.9419591Z;67
2024-05-17T12:58:58.0468378Z;102
2024-05-17T12:58:58.1433923Z;95
2024-05-17T12:58:58.2153526Z;71
2024-05-17T12:58:58.3137256Z;92
2024-05-17T12:58:58.4182918Z;104
2024-05-17T12:58:58.4896948Z;71
2024-05-17T12:58:58.5699941Z;79
2024-05-17T12:58:58.6646252Z;94
2024-05-17T12:58:58.7691851Z;102
2024-05-17T12:58:58.9306367Z;161
2024-05-17T12:58:59.0264157Z;95
2024-05-17T12:58:59.1109461Z;78
2024-05-17T12:58:59.2430600Z;122
2024-05-17T12:58:59.3195144Z;76
2024-05-17T12:58:59.4357191Z;115
2024-05-17T12:58:59.5183179Z;76
2024-05-17T12:58:59.6577050Z;133
2024-05-17T12:58:59.7391905Z;80
2024-05-17T12:58:59.8556268Z;115
2024-05-17T12:59:00.1120558Z;210
2024-05-17T12:59:00.2609990Z;148
2024-05-17T12:59:00.3629097Z;101
2024-05-17T12:59:00.4708455Z;106
2024-05-17T12:59:00.5796401Z;108
2024-05-17T12:59:00.6628068Z;82
2024-05-17T12:59:00.7704866Z;107
2024-05-17T12:59:00.8728526Z;101
2024-05-17T12:59:00.9640875Z;86
2024-05-17T12:59:01.0814163Z;116
2024-05-17T12:59:01.2334282Z;151
2024-05-17T12:59:01.3744927Z;140
2024-05-17T12:59:01.4531318Z;76
2024-05-17T12:59:01.5845011Z;128
2024-05-17T12:59:01.6842366Z;99
2024-05-17T12:59:01.7904179Z;105
2024-05-17T12:59:01.8946832Z;103
2024-05-17T12:59:02.0326171Z;137
2024-05-17T12:59:02.1189336Z;86
2024-05-17T12:59:02.2852753Z;122
2024-05-17T12:59:02.4292280Z;63
2024-05-17T12:59:02.5564256Z;126
2024-05-17T12:59:02.6432257Z;68
2024-05-17T12:59:02.7475275Z;103
2024-05-17T12:59:02.8795450Z;131
2024-05-17T12:59:02.9625741Z;82
2024-05-17T12:59:03.0632026Z;100
2024-05-17T12:59:03.2042937Z;140
2024-05-17T12:59:03.3686060Z;163
2024-05-17T12:59:03.4416127Z;72
2024-05-17T12:59:03.5415373Z;99
2024-05-17T12:59:03.6371627Z;94
2024-05-17T12:59:03.7436671Z;105
2024-05-17T12:59:03.8696610Z;125
2024-05-17T12:59:03.9569527Z;87
2024-05-17T12:59:04.0410761Z;83
2024-05-17T12:59:04.1531756Z;111
2024-05-17T12:59:04.2479186Z;94
2024-05-17T12:59:04.3872682Z;139
2024-05-17T12:59:04.4913310Z;102
2024-05-17T12:59:04.5937967Z;101
2024-05-17T12:59:04.6700094Z;75
2024-05-17T12:59:04.7897230Z;119
2024-05-17T12:59:04.8679640Z;77
2024-05-17T12:59:04.9964959Z;128
2024-05-17T12:59:05.0959678Z;99
2024-05-17T12:59:05.2026785Z;97
2024-05-17T12:59:05.3247021Z;86
2024-05-17T12:59:05.4079904Z;68
2024-05-17T12:59:05.4832205Z;74
2024-05-17T12:59:05.6162792Z;132
2024-05-17T12:59:05.7169284Z;97
2024-05-17T12:59:05.8203924Z;81
2024-05-17T12:59:05.9599160Z;139
2024-05-17T12:59:06.0382053Z;77
2024-05-17T12:59:06.1386668Z;100
2024-05-17T12:59:06.2440446Z;91
2024-05-17T12:59:06.3334303Z;88
2024-05-17T12:59:06.4151495Z;81
2024-05-17T12:59:06.4992695Z;83
2024-05-17T12:59:06.6244034Z;123
2024-05-17T12:59:06.7168088Z;92
2024-05-17T12:59:06.8201493Z;103
2024-05-17T12:59:06.9132384Z;92
2024-05-17T12:59:07.0051103Z;91
2024-05-17T12:59:07.0954020Z;89
2024-05-17T12:59:07.2305287Z;97
2024-05-17T12:59:07.3620040Z;131
2024-05-17T12:59:07.4430081Z;80
2024-05-17T12:59:07.5702800Z;126
2024-05-17T12:59:07.6534792Z;82
2024-05-17T12:59:07.7326811Z;78
2024-05-17T12:59:07.8165397Z;82
2024-05-17T12:59:07.9247182Z;107
2024-05-17T12:59:08.0088974Z;83
2024-05-17T12:59:08.1300947Z;104
2024-05-17T12:59:08.2020288Z;71
2024-05-17T12:59:08.3575331Z;137
2024-05-17T12:59:08.4230645Z;64
2024-05-17T12:59:08.5178850Z;93
2024-05-17T12:59:08.6318233Z;113
2024-05-17T12:59:08.7124827Z;80
2024-05-17T12:59:08.7893472Z;76
2024-05-17T12:59:08.9363729Z;146
2024-05-17T12:59:09.0069463Z;70
2024-05-17T12:59:09.1289094Z;121
2024-05-17T12:59:09.2156078Z;79
2024-05-17T12:59:09.3549437Z;83
2024-05-17T12:59:09.4840097Z;128
2024-05-17T12:59:09.5741922Z;89
2024-05-17T12:59:09.6852360Z;110
2024-05-17T12:59:09.7783130Z;75
2024-05-17T12:59:09.8441310Z;65
2024-05-17T12:59:09.9635150Z;119
2024-05-17T12:59:10.0550481Z;90
2024-05-17T12:59:10.1605651Z;105
2024-05-17T12:59:10.2542198Z;92
2024-05-17T12:59:10.3386002Z;84
2024-05-17T12:59:10.4305246Z;91
2024-05-17T12:59:10.5175369Z;86
2024-05-17T12:59:10.6385534Z;120
2024-05-17T12:59:10.7157927Z;68
2024-05-17T12:59:10.8738100Z;94
2024-05-17T12:59:10.9576218Z;82
2024-05-17T12:59:11.0674190Z;109
2024-05-17T12:59:11.1580531Z;90
2024-05-17T12:59:11.4078748Z;247
2024-05-17T12:59:11.5981321Z;179
2024-05-17T12:59:11.7885782Z;190
2024-05-17T12:59:11.8992453Z;110
2024-05-17T12:59:12.0310003Z;131
2024-05-17T12:59:12.1273288Z;95
2024-05-17T12:59:12.2227800Z;93
2024-05-17T12:59:12.3058774Z;81
2024-05-17T12:59:12.4422453Z;135
2024-05-17T12:59:12.5217231Z;79
2024-05-17T12:59:12.6609519Z;134
2024-05-17T12:59:12.8275481Z;108
2024-05-17T12:59:12.9152194Z;81
2024-05-17T12:59:12.9950587Z;73
2024-05-17T12:59:13.1094673Z;112
2024-05-17T12:59:13.2539298Z;142
2024-05-17T12:59:13.3654456Z;111
2024-05-17T12:59:13.4390570Z;73
2024-05-17T12:59:13.5801500Z;75
2024-05-17T12:59:13.6661420Z;85
2024-05-17T12:59:13.7612568Z;94
2024-05-17T12:59:13.8471301Z;85
2024-05-17T12:59:13.9371774Z;89
2024-05-17T12:59:14.0122021Z;74
2024-05-17T12:59:14.1094551Z;96
2024-05-17T12:59:14.2167817Z;106
2024-05-17T12:59:14.3061362Z;89
2024-05-17T12:59:14.4047910Z;98
2024-05-17T12:59:14.4978171Z;91
2024-05-17T12:59:14.5882712Z;90
2024-05-17T12:59:14.6846657Z;96
2024-05-17T12:59:14.7742437Z;89
2024-05-17T12:59:14.8818267Z;107
2024-05-17T12:59:14.9806748Z;98
2024-05-17T12:59:15.1074683Z;126
2024-05-17T12:59:15.2335507Z;125
2024-05-17T12:59:15.3420284Z;108
2024-05-17T12:59:15.4985534Z;154
2024-05-17T12:59:15.5757852Z;76
2024-05-17T12:59:15.6652986Z;88
2024-05-17T12:59:15.7438703Z;76
2024-05-17T12:59:15.8667198Z;122
2024-05-17T12:59:15.9380546Z;70
2024-05-17T12:59:16.0664953Z;128
2024-05-17T12:59:16.1500311Z;82
2024-05-17T12:59:16.2475946Z;97
2024-05-17T12:59:16.3136686Z;65
2024-05-17T12:59:16.4283522Z;114
2024-05-17T12:59:16.5520787Z;123
2024-05-17T12:59:16.6645202Z;112
2024-05-17T12:59:16.7449634Z;78
2024-05-17T12:59:16.8412036Z;89
2024-05-17T12:59:16.9422064Z;100
2024-05-17T12:59:17.0433300Z;100
2024-05-17T12:59:17.1356786Z;92
2024-05-17T12:59:17.2265269Z;90
2024-05-17T12:59:17.3093285Z;82
2024-05-17T12:59:17.4509454Z;141
2024-05-17T12:59:17.5392145Z;87
2024-05-17T12:59:17.6360264Z;96
2024-05-17T12:59:17.7283760Z;92
2024-05-17T12:59:17.8179112Z;89
2024-05-17T12:59:17.9073237Z;89
2024-05-17T12:59:18.0106966Z;102
2024-05-17T12:59:18.1103462Z;99
2024-05-17T12:59:18.2202922Z;108
2024-05-17T12:59:18.3138740Z;93
2024-05-17T12:59:18.3833667Z;69
2024-05-17T12:59:18.4930647Z;109
2024-05-17T12:59:18.5693914Z;74
2024-05-17T12:59:18.6560201Z;86
2024-05-17T12:59:18.7477089Z;90
2024-05-17T12:59:18.8176638Z;69
2024-05-17T12:59:18.9173693Z;99
2024-05-17T12:59:19.0155312Z;97
2024-05-17T12:59:19.1048654Z;89
2024-05-17T12:59:19.1863785Z;80
2024-05-17T12:59:19.2749400Z;88
2024-05-17T12:59:19.3578811Z;81
2024-05-17T12:59:19.4506911Z;92
2024-05-17T12:59:19.5280974Z;76
2024-05-17T12:59:19.6189806Z;90
2024-05-17T12:59:19.7495331Z;129
2024-05-17T12:59:19.8388959Z;81
2024-05-17T12:59:19.9424433Z;89
2024-05-17T12:59:20.0331025Z;90
2024-05-17T12:59:20.1234057Z;89
2024-05-17T12:59:20.1958204Z;72
2024-05-17T12:59:20.3263667Z;130
2024-05-17T12:59:20.4552980Z;116
2024-05-17T12:59:20.5292598Z;73
2024-05-17T12:59:20.6052853Z;75
2024-05-17T12:59:20.6846155Z;78
2024-05-17T12:59:20.8003221Z;115
2024-05-17T12:59:20.8960619Z;95
2024-05-17T12:59:20.9801820Z;83
2024-05-17T12:59:21.0887751Z;108
2024-05-17T12:59:21.1919838Z;102
2024-05-17T12:59:21.3398905Z;147
2024-05-17T12:59:21.4475659Z;107
2024-05-17T12:59:21.5282255Z;80
2024-05-17T12:59:21.6220565Z;93
2024-05-17T12:59:21.7049358Z;82
2024-05-17T12:59:21.7982530Z;92
2024-05-17T12:59:21.9075552Z;108
2024-05-17T12:59:21.9970391Z;89
2024-05-17T12:59:22.1400042Z;142
2024-05-17T12:59:22.2425278Z;87
2024-05-17T12:59:22.3242646Z;74
2024-05-17T12:59:22.4930649Z;109
2024-05-17T12:59:22.6183589Z;124
2024-05-17T12:59:22.6920831Z;72
2024-05-17T12:59:22.7698267Z;77
2024-05-17T12:59:22.8659033Z;94
2024-05-17T12:59:22.9669545Z;100
2024-05-17T12:59:23.0590662Z;91
2024-05-17T12:59:23.1314056Z;71
2024-05-17T12:59:23.2166859Z;84
2024-05-17T12:59:23.3619306Z;144
2024-05-17T12:59:23.4597701Z;93
2024-05-17T12:59:23.5457576Z;85
2024-05-17T12:59:23.6468640Z;100
2024-05-17T12:59:23.7711749Z;123
2024-05-17T12:59:23.8367998Z;65
2024-05-17T12:59:23.9223727Z;83
2024-05-17T12:59:24.0104398Z;87
2024-05-17T12:59:24.0983701Z;87
2024-05-17T12:59:24.2380426Z;138
2024-05-17T12:59:24.3380297Z;98
2024-05-17T12:59:24.5144147Z;105
2024-05-17T12:59:24.6633263Z;148
2024-05-17T12:59:24.7569311Z;92
2024-05-17T12:59:24.8332002Z;75
2024-05-17T12:59:24.9415224Z;107
2024-05-17T12:59:25.0914994Z;148
2024-05-17T12:59:25.2606869Z;122
2024-05-17T12:59:25.3649112Z;103
2024-05-17T12:59:25.4932277Z;127
2024-05-17T12:59:25.5869970Z;93
2024-05-17T12:59:25.6826028Z;95
2024-05-17T12:59:25.7775962Z;93
2024-05-17T12:59:25.8651591Z;87
2024-05-17T12:59:25.9510835Z;85
2024-05-17T12:59:26.0596519Z;108
2024-05-17T12:59:26.1661994Z;99
2024-05-17T12:59:26.2759034Z;105
2024-05-17T12:59:26.3939807Z;117
2024-05-17T12:59:26.4778285Z;83
2024-05-17T12:59:26.5500089Z;71
2024-05-17T12:59:26.6404340Z;90
2024-05-17T12:59:26.7343205Z;93
2024-05-17T12:59:26.8070389Z;72
2024-05-17T12:59:26.9114827Z;104
2024-05-17T12:59:27.0246222Z;111
2024-05-17T12:59:27.1267545Z;101
2024-05-17T12:59:27.2397847Z;112
2024-05-17T12:59:27.3397334Z;99
2024-05-17T12:59:27.4358647Z;95
2024-05-17T12:59:27.5134887Z;77
2024-05-17T12:59:27.6215238Z;107
2024-05-17T12:59:27.7007952Z;78
2024-05-17T12:59:27.7920440Z;87
2024-05-17T12:59:27.9238922Z;131
2024-05-17T12:59:27.9933434Z;68
2024-05-17T12:59:28.0990437Z;105
2024-05-17T12:59:28.2152850Z;115
2024-05-17T12:59:28.2967107Z;80
2024-05-17T12:59:28.4040332Z;107
2024-05-17T12:59:28.4962211Z;91
2024-05-17T12:59:28.5920377Z;95
2024-05-17T12:59:28.6786540Z;86
2024-05-17T12:59:28.7470198Z;68
2024-05-17T12:59:28.8140690Z;66
2024-05-17T12:59:28.8762511Z;61
2024-05-17T12:59:28.9763117Z;99
2024-05-17T12:59:29.0409120Z;64
2024-05-17T12:59:29.1643914Z;122
2024-05-17T12:59:29.2581961Z;91
2024-05-17T12:59:29.3594971Z;100
2024-05-17T12:59:29.4501136Z;90
2024-05-17T12:59:29.5987528Z;148
2024-05-17T12:59:29.6924581Z;93
2024-05-17T12:59:29.7826898Z;89
2024-05-17T12:59:29.8894640Z;106
2024-05-17T12:59:29.9926723Z;102
2024-05-17T12:59:30.1164075Z;123
2024-05-17T12:59:30.2095234Z;92
2024-05-17T12:59:30.3962339Z;138
2024-05-17T12:59:30.4716782Z;73
2024-05-17T12:59:30.5473893Z;73
2024-05-17T12:59:30.6548572Z;102
2024-05-17T12:59:30.7834496Z;125
2024-05-17T12:59:30.8786803Z;94
2024-05-17T12:59:30.9856694Z;106
2024-05-17T12:59:31.0817353Z;95
2024-05-17T12:59:31.2266026Z;144
2024-05-17T12:59:31.3144560Z;85
2024-05-17T12:59:31.4215717Z;103
2024-05-17T12:59:31.5291198Z;106
2024-05-17T12:59:31.6288819Z;99
2024-05-17T12:59:31.7285909Z;99
2024-05-17T12:59:31.8239997Z;94
2024-05-17T12:59:31.9172603Z;91
2024-05-17T12:59:32.0248319Z;105
2024-05-17T12:59:32.1264813Z;101
2024-05-17T12:59:32.2134844Z;86
2024-05-17T12:59:32.3101305Z;96
2024-05-17T12:59:32.4416344Z;131
2024-05-17T12:59:32.5496999Z;107
2024-05-17T12:59:32.7020968Z;97
2024-05-17T12:59:32.7675630Z;64
2024-05-17T12:59:32.8671391Z;98
2024-05-17T12:59:33.0000664Z;130
2024-05-17T12:59:33.0775493Z;77
2024-05-17T12:59:33.1671014Z;89
2024-05-17T12:59:33.3375018Z;170
2024-05-17T12:59:33.4212405Z;83
2024-05-17T12:59:33.5197505Z;98
2024-05-17T12:59:33.5885753Z;68
2024-05-17T12:59:33.6849752Z;96
2024-05-17T12:59:33.8534726Z;68
2024-05-17T12:59:33.9223394Z;68
2024-05-17T12:59:34.0502083Z;127
2024-05-17T12:59:34.1524088Z;101
2024-05-17T12:59:34.2466241Z;93
2024-05-17T12:59:34.3680872Z;121
2024-05-17T12:59:34.4661282Z;97
2024-05-17T12:59:34.5778270Z;111
2024-05-17T12:59:34.6565351Z;78
2024-05-17T12:59:34.7818257Z;124
2024-05-17T12:59:34.8576870Z;75
2024-05-17T12:59:35.0218890Z;163
2024-05-17T12:59:35.1304335Z;96
2024-05-17T12:59:35.2153168Z;75
2024-05-17T12:59:35.3539481Z;138
2024-05-17T12:59:35.4311925Z;76
2024-05-17T12:59:35.5228363Z;91
2024-05-17T12:59:35.6525746Z;128
2024-05-17T12:59:35.7446317Z;91
2024-05-17T12:59:35.8469963Z;101
2024-05-17T12:59:35.9531994Z;105
2024-05-17T12:59:36.0411086Z;87
2024-05-17T12:59:36.1673293Z;117
2024-05-17T12:59:36.2575004Z;82
2024-05-17T12:59:36.3458209Z;87
2024-05-17T12:59:36.4618444Z;113
2024-05-17T12:59:36.5488386Z;85
2024-05-17T12:59:36.6546417Z;97
2024-05-17T12:59:36.7445721Z;84
2024-05-17T12:59:36.8486866Z;103
2024-05-17T12:59:36.9596864Z;110
2024-05-17T12:59:37.0543775Z;90
2024-05-17T12:59:37.1525603Z;97
2024-05-17T12:59:37.2412971Z;88
2024-05-17T12:59:37.3806532Z;139
2024-05-17T12:59:37.4882601Z;107
2024-05-17T12:59:37.5750739Z;85
2024-05-17T12:59:37.6563368Z;80
2024-05-17T12:59:37.7209045Z;64
2024-05-17T12:59:37.8245844Z;103
2024-05-17T12:59:37.9207330Z;95
2024-05-17T12:59:38.0124251Z;91
2024-05-17T12:59:38.1098142Z;97
2024-05-17T12:59:38.2293971Z;119
2024-05-17T12:59:38.3030668Z;73
2024-05-17T12:59:38.3855964Z;82
2024-05-17T12:59:38.4782567Z;92
2024-05-17T12:59:38.5921382Z;113
2024-05-17T12:59:38.6737123Z;81
2024-05-17T12:59:38.7771891Z;103
2024-05-17T12:59:38.8534763Z;76
2024-05-17T12:59:38.9551359Z;101
2024-05-17T12:59:39.0944464Z;138
2024-05-17T12:59:39.1771117Z;82
2024-05-17T12:59:39.2613689Z;83
2024-05-17T12:59:39.3609526Z;99
2024-05-17T12:59:39.4830119Z;118
2024-05-17T12:59:39.5754866Z;91
2024-05-17T12:59:39.6994452Z;123
2024-05-17T12:59:39.7958566Z;95
2024-05-17T12:59:39.9243480Z;128
2024-05-17T12:59:39.9994993Z;74
2024-05-17T12:59:40.1162403Z;116
2024-05-17T12:59:40.1937327Z;77
2024-05-17T12:59:40.2764384Z;82
2024-05-17T12:59:40.3693012Z;92
2024-05-17T12:59:40.4497130Z;80
2024-05-17T12:59:40.5327734Z;82
2024-05-17T12:59:40.6356217Z;102
2024-05-17T12:59:40.7272670Z;91
2024-05-17T12:59:40.8324495Z;103
2024-05-17T12:59:40.9152260Z;82
2024-05-17T12:59:41.0112202Z;95
2024-05-17T12:59:41.1036306Z;92
2024-05-17T12:59:41.1865372Z;82
2024-05-17T12:59:41.2681505Z;81
2024-05-17T12:59:41.4068955Z;138
2024-05-17T12:59:41.4757359Z;68
2024-05-17T12:59:41.5638910Z;87
2024-05-17T12:59:41.6507972Z;86
2024-05-17T12:59:41.7234453Z;72
2024-05-17T12:59:41.8143714Z;90
2024-05-17T12:59:41.9419146Z;126
2024-05-17T12:59:42.1246501Z;181
2024-05-17T12:59:42.2430843Z;118
2024-05-17T12:59:42.3788974Z;135
2024-05-17T12:59:42.6249395Z;153
2024-05-17T12:59:42.6989714Z;73
2024-05-17T12:59:42.8331352Z;133
2024-05-17T12:59:42.9133450Z;79
2024-05-17T12:59:43.0004936Z;86
2024-05-17T12:59:43.0911493Z;90
2024-05-17T12:59:43.1809211Z;89
2024-05-17T12:59:43.3529951Z;171
2024-05-17T12:59:43.4387104Z;85
2024-05-17T12:59:43.5317387Z;92
2024-05-17T12:59:43.6020913Z;69
2024-05-17T12:59:43.7213951Z;117
2024-05-17T12:59:43.8236221Z;99
2024-05-17T12:59:43.8933529Z;69
2024-05-17T12:59:43.9837905Z;90
2024-05-17T12:59:44.0753119Z;90
2024-05-17T12:59:44.1803912Z;104
2024-05-17T12:59:44.2825635Z;101
2024-05-17T12:59:44.4007556Z;112
2024-05-17T12:59:44.4799211Z;76
2024-05-17T12:59:44.5990740Z;118
2024-05-17T12:59:44.6866601Z;86
2024-05-17T12:59:44.7749959Z;87
2024-05-17T12:59:44.8612144Z;85
2024-05-17T12:59:44.9571874Z;95
2024-05-17T12:59:45.0474974Z;89
2024-05-17T12:59:45.1575554Z;109
2024-05-17T12:59:45.2300171Z;72
2024-05-17T12:59:45.3143848Z;84
2024-05-17T12:59:45.4300466Z;113
2024-05-17T12:59:45.5544093Z;121
2024-05-17T12:59:45.6567505Z;102
2024-05-17T12:59:45.7427033Z;85
2024-05-17T12:59:45.8440759Z;101
2024-05-17T12:59:45.9492408Z;104
2024-05-17T12:59:46.1108401Z;161
2024-05-17T12:59:46.2029881Z;91
2024-05-17T12:59:46.3327991Z;129
2024-05-17T12:59:46.4674157Z;134
2024-05-17T12:59:46.5564586Z;87
2024-05-17T12:59:46.6360698Z;79
2024-05-17T12:59:46.7303634Z;93
2024-05-17T12:59:46.8165006Z;85
2024-05-17T12:59:46.9505486Z;133
2024-05-17T12:59:47.0487562Z;97
2024-05-17T12:59:47.1299207Z;80
2024-05-17T12:59:47.2197716Z;89
2024-05-17T12:59:47.3169655Z;96
2024-05-17T12:59:47.4032358Z;86
2024-05-17T12:59:47.4803487Z;76
2024-05-17T12:59:47.5680740Z;87
2024-05-17T12:59:47.6457150Z;75
2024-05-17T12:59:47.7095137Z;63
2024-05-17T12:59:47.8347703Z;125
2024-05-17T12:59:47.9348492Z;99
2024-05-17T12:59:48.0120396Z;76
2024-05-17T12:59:48.1171120Z;104
2024-05-17T12:59:48.2381671Z;120
2024-05-17T12:59:48.3391617Z;98
2024-05-17T12:59:48.4184942Z;78
2024-05-17T12:59:48.4964196Z;75
2024-05-17T12:59:48.5711021Z;74
2024-05-17T12:59:48.7291639Z;157
2024-05-17T12:59:48.8189784Z;89
2024-05-17T12:59:48.8990981Z;79
2024-05-17T12:59:48.9763308Z;76
2024-05-17T12:59:49.1166295Z;140
2024-05-17T12:59:49.1947924Z;77
2024-05-17T12:59:49.2819402Z;86
2024-05-17T12:59:49.3874313Z;105
2024-05-17T12:59:49.4896370Z;101
2024-05-17T12:59:49.6395060Z;149
2024-05-17T12:59:49.7344415Z;94
2024-05-17T12:59:49.8133923Z;78
2024-05-17T12:59:49.9079613Z;94
2024-05-17T12:59:50.0361163Z;127
2024-05-17T12:59:50.1369321Z;100
2024-05-17T12:59:50.2212759Z;84
2024-05-17T12:59:50.3058231Z;84
2024-05-17T12:59:50.4341583Z;127
2024-05-17T12:59:50.5434896Z;108
2024-05-17T12:59:50.6186740Z;74
2024-05-17T12:59:50.7261907Z;107
2024-05-17T12:59:50.8259855Z;98
2024-05-17T12:59:50.9385865Z;112
2024-05-17T12:59:51.0402854Z;101
2024-05-17T12:59:51.1509116Z;109
2024-05-17T12:59:51.2777458Z;124
2024-05-17T12:59:51.3520816Z;72
2024-05-17T12:59:51.4660263Z;113
2024-05-17T12:59:51.5615270Z;95
2024-05-17T12:59:51.6871331Z;125
2024-05-17T12:59:51.7630135Z;73
2024-05-17T12:59:51.8793364Z;115
2024-05-17T12:59:51.9639926Z;84
2024-05-17T12:59:52.0617390Z;97
2024-05-17T12:59:52.1602582Z;98
2024-05-17T12:59:52.2342050Z;73
2024-05-17T12:59:52.4097172Z;145
2024-05-17T12:59:52.5227323Z;112
2024-05-17T12:59:52.6384126Z;114
2024-05-17T12:59:52.7815115Z;142
2024-05-17T12:59:52.9135091Z;131
2024-05-17T12:59:53.0044971Z;89
2024-05-17T12:59:53.1260495Z;105
2024-05-17T12:59:53.2031004Z;76
2024-05-17T12:59:53.3652006Z;161
2024-05-17T12:59:53.4372014Z;71
2024-05-17T12:59:53.5413122Z;103
2024-05-17T12:59:53.6525999Z;110
2024-05-17T12:59:53.7311962Z;78
2024-05-17T12:59:53.8157922Z;81
2024-05-17T12:59:53.9140372Z;97
2024-05-17T12:59:53.9964922Z;81
2024-05-17T12:59:54.0701406Z;73
2024-05-17T12:59:54.1802316Z;109
2024-05-17T12:59:54.2767864Z;92
2024-05-17T12:59:54.3799298Z;102
2024-05-17T12:59:54.4938218Z;113
2024-05-17T12:59:54.5811590Z;86
2024-05-17T12:59:54.6579853Z;72
2024-05-17T12:59:54.7627884Z;104
2024-05-17T12:59:54.8280177Z;64
2024-05-17T12:59:54.9309805Z;102
2024-05-17T12:59:55.0217800Z;90
2024-05-17T12:59:55.1300352Z;107
2024-05-17T12:59:55.2971095Z;163
2024-05-17T12:59:55.3864501Z;88
2024-05-17T12:59:55.5136316Z;126
2024-05-17T12:59:55.6147998Z;100
2024-05-17T12:59:55.6887398Z;73
2024-05-17T12:59:55.9094151Z;127
2024-05-17T12:59:56.0106217Z;100
2024-05-17T12:59:56.0919583Z;80
2024-05-17T12:59:56.2073620Z;114
2024-05-17T12:59:56.3586856Z;150
2024-05-17T12:59:56.4480078Z;89
2024-05-17T12:59:56.5316009Z;83
2024-05-17T12:59:56.6113082Z;79
2024-05-17T12:59:56.7059065Z;93
2024-05-17T12:59:56.8165360Z;110
2024-05-17T12:59:56.9038888Z;87
2024-05-17T12:59:57.0107143Z;106
2024-05-17T12:59:57.0913776Z;80
2024-05-17T12:59:57.2102253Z;118
2024-05-17T12:59:57.2928517Z;82
2024-05-17T12:59:57.3679007Z;74
2024-05-17T12:59:57.4565169Z;88
2024-05-17T12:59:57.5405527Z;83
2024-05-17T12:59:57.6163470Z;75
2024-05-17T12:59:57.7311909Z;114
2024-05-17T12:59:57.8584197Z;125
2024-05-17T12:59:57.9388159Z;80
2024-05-17T12:59:58.0183754Z;78
2024-05-17T12:59:58.1290135Z;110
2024-05-17T12:59:58.2270376Z;97
2024-05-17T12:59:58.2997552Z;69
2024-05-17T12:59:58.3889100Z;88
2024-05-17T12:59:58.4970034Z;107
2024-05-17T12:59:58.6645782Z;166
2024-05-17T12:59:58.7769145Z;110
2024-05-17T12:59:58.8714969Z;94
2024-05-17T12:59:58.9520201Z;80
2024-05-17T12:59:59.0546286Z;102
2024-05-17T12:59:59.1363716Z;80
2024-05-17T12:59:59.2607933Z;114
2024-05-17T12:59:59.3681672Z;106
2024-05-17T12:59:59.4846844Z;116
2024-05-17T12:59:59.5553324Z;70
2024-05-17T12:59:59.6518850Z;96
2024-05-17T12:59:59.7411253Z;88
2024-05-17T12:59:59.8279162Z;86
2024-05-17T12:59:59.9218803Z;93
2024-05-17T13:00:00.0216542Z;99
2024-05-17T13:00:00.1632334Z;141
2024-05-17T13:00:00.2469381Z;83
2024-05-17T13:00:00.3885138Z;141
2024-05-17T13:00:00.4690572Z;80
2024-05-17T13:00:00.5913009Z;121
2024-05-17T13:00:00.7047365Z;113
2024-05-17T13:00:00.8233242Z;117
2024-05-17T13:00:00.8973319Z;73
2024-05-17T13:00:00.9849635Z;87
2024-05-17T13:00:01.0900715Z;104
2024-05-17T13:00:01.2204471Z;130
2024-05-17T13:00:01.3653952Z;141
2024-05-17T13:00:01.4738322Z;108
2024-05-17T13:00:01.5467420Z;71
2024-05-17T13:00:01.6446430Z;95
2024-05-17T13:00:01.7231760Z;78
2024-05-17T13:00:01.8319604Z;102
2024-05-17T13:00:01.9365850Z;104
2024-05-17T13:00:02.0321430Z;95
2024-05-17T13:00:02.1407494Z;108
2024-05-17T13:00:02.2205359Z;77
2024-05-17T13:00:02.3111637Z;90
2024-05-17T13:00:02.3940292Z;82
2024-05-17T13:00:02.4927644Z;98
2024-05-17T13:00:02.5943906Z;101
2024-05-17T13:00:02.6609320Z;66
2024-05-17T13:00:02.7677087Z;106
2024-05-17T13:00:02.8516164Z;83
2024-05-17T13:00:02.9778438Z;125
2024-05-17T13:00:03.0665507Z;88
2024-05-17T13:00:03.1617157Z;94
2024-05-17T13:00:03.3445178Z;181
2024-05-17T13:00:03.4100704Z;65
2024-05-17T13:00:03.5255681Z;108
2024-05-17T13:00:03.6607182Z;134
2024-05-17T13:00:03.7655292Z;104
2024-05-17T13:00:03.8447082Z;78
2024-05-17T13:00:03.9640089Z;119
2024-05-17T13:00:04.0886288Z;124
2024-05-17T13:00:04.1989584Z;110
2024-05-17T13:00:04.2751992Z;69
2024-05-17T13:00:04.4216118Z;134
2024-05-17T13:00:04.5349098Z;112
2024-05-17T13:00:04.6662817Z;119
2024-05-17T13:00:04.7422163Z;70
2024-05-17T13:00:04.8513592Z;108
2024-05-17T13:00:04.9422161Z;90
2024-05-17T13:00:05.0249618Z;82
2024-05-17T13:00:05.1361855Z;110
2024-05-17T13:00:05.2350770Z;98
2024-05-17T13:00:05.3622055Z;126
2024-05-17T13:00:05.4529036Z;90
2024-05-17T13:00:05.5480908Z;94
2024-05-17T13:00:05.6371101Z;88
2024-05-17T13:00:05.7373060Z;99
2024-05-17T13:00:05.8491955Z;111
2024-05-17T13:00:05.9316663Z;80
2024-05-17T13:00:06.0143245Z;82
2024-05-17T13:00:06.1295105Z;114
2024-05-17T13:00:06.2290543Z;99
2024-05-17T13:00:06.3075216Z;78
2024-05-17T13:00:06.4171125Z;109
2024-05-17T13:00:06.4908583Z;73
2024-05-17T13:00:06.6685746Z;177
2024-05-17T13:00:06.7781990Z;109
2024-05-17T13:00:06.8694183Z;90
2024-05-17T13:00:06.9518454Z;82
2024-05-17T13:00:07.0463809Z;94
2024-05-17T13:00:07.1148834Z;68
2024-05-17T13:00:07.2197125Z;104
2024-05-17T13:00:07.3115748Z;91
2024-05-17T13:00:07.4161138Z;104
2024-05-17T13:00:07.5268793Z;110
2024-05-17T13:00:07.6261909Z;99
2024-05-17T13:00:07.7005400Z;74
2024-05-17T13:00:07.7901269Z;89
2024-05-17T13:00:07.8901566Z;99
2024-05-17T13:00:07.9951032Z;104
2024-05-17T13:00:08.0782300Z;81
2024-05-17T13:00:08.1725673Z;91
2024-05-17T13:00:08.2677340Z;94
2024-05-17T13:00:08.3797416Z;111
2024-05-17T13:00:08.5016990Z;114
2024-05-17T13:00:08.5744459Z;72
2024-05-17T13:00:08.6652736Z;89
2024-05-17T13:00:08.9793302Z;217
2024-05-17T13:00:09.1112014Z;131
2024-05-17T13:00:09.2125072Z;100
2024-05-17T13:00:09.3455437Z;132
2024-05-17T13:00:09.4646613Z;118
2024-05-17T13:00:09.5460406Z;81
2024-05-17T13:00:09.6509784Z;104
2024-05-17T13:00:09.7349501Z;83
2024-05-17T13:00:09.8209877Z;85
2024-05-17T13:00:09.9021653Z;80
2024-05-17T13:00:10.0004686Z;97
2024-05-17T13:00:10.0680520Z;67
2024-05-17T13:00:10.2978075Z;223
2024-05-17T13:00:10.4785296Z;180
2024-05-17T13:00:10.6574133Z;178
2024-05-17T13:00:10.7831209Z;125
2024-05-17T13:00:10.8472567Z;63
2024-05-17T13:00:10.9382733Z;90
2024-05-17T13:00:11.0625044Z;123
2024-05-17T13:00:11.1685528Z;105
2024-05-17T13:00:11.2363266Z;67
2024-05-17T13:00:11.3437460Z;107
2024-05-17T13:00:11.4976450Z;153
2024-05-17T13:00:11.6095148Z;111
2024-05-17T13:00:11.7013374Z;91
2024-05-17T13:00:11.7922138Z;90
2024-05-17T13:00:11.9033807Z;109
2024-05-17T13:00:12.0049647Z;97
2024-05-17T13:00:12.0783867Z;71
2024-05-17T13:00:12.2211545Z;139
2024-05-17T13:00:12.4288959Z;152
2024-05-17T13:00:12.5110920Z;81
2024-05-17T13:00:12.5885673Z;76
2024-05-17T13:00:12.6856978Z;93
2024-05-17T13:00:12.8907064Z;204
2024-05-17T13:00:13.0941568Z;203
2024-05-17T13:00:13.3612960Z;266
2024-05-17T13:00:13.5192795Z;157
2024-05-17T13:00:13.6310983Z;111
2024-05-17T13:00:13.7637423Z;132
2024-05-17T13:00:13.8238873Z;59
2024-05-17T13:00:13.9504593Z;120
2024-05-17T13:00:14.0534898Z;102
2024-05-17T13:00:14.1392542Z;85
2024-05-17T13:00:14.2476680Z;108
2024-05-17T13:00:14.3661224Z;117
2024-05-17T13:00:14.4622691Z;95
2024-05-17T13:00:14.5466338Z;84
2024-05-17T13:00:14.6598530Z;112
2024-05-17T13:00:14.8205640Z;160
2024-05-17T13:00:14.9110586Z;90
2024-05-17T13:00:14.9976956Z;85
2024-05-17T13:00:15.0951081Z;97
2024-05-17T13:00:15.2073290Z;111
2024-05-17T13:00:15.2815216Z;73
2024-05-17T13:00:15.4446561Z;162
2024-05-17T13:00:15.5152351Z;70
2024-05-17T13:00:15.6372562Z;120
2024-05-17T13:00:15.7579876Z;120
2024-05-17T13:00:15.8559896Z;97
2024-05-17T13:00:15.9550784Z;94
2024-05-17T13:00:16.0532036Z;97
2024-05-17T13:00:16.1493123Z;95
2024-05-17T13:00:16.2413905Z;91
2024-05-17T13:00:16.3610031Z;118
2024-05-17T13:00:16.5189759Z;157
2024-05-17T13:00:16.6033038Z;83
2024-05-17T13:00:16.7062653Z;101
2024-05-17T13:00:16.8306918Z;123
2024-05-17T13:00:16.9150631Z;83
2024-05-17T13:00:17.0184584Z;103
2024-05-17T13:00:17.0938382Z;75
2024-05-17T13:00:17.1846392Z;90
2024-05-17T13:00:17.2726592Z;87
2024-05-17T13:00:17.3756782Z;102
2024-05-17T13:00:17.4902934Z;114
2024-05-17T13:00:17.5876527Z;96
2024-05-17T13:00:17.7274338Z;139
2024-05-17T13:00:17.8231920Z;93
2024-05-17T13:00:17.8947032Z;70
2024-05-17T13:00:17.9878573Z;92
2024-05-17T13:00:18.0659336Z;77
2024-05-17T13:00:18.1669520Z;100
2024-05-17T13:00:18.2991607Z;131
2024-05-17T13:00:18.3868775Z;87
2024-05-17T13:00:18.4774359Z;88
2024-05-17T13:00:18.5482886Z;70
2024-05-17T13:00:18.6709876Z;122
2024-05-17T13:00:18.8249432Z;150
2024-05-17T13:00:18.8920728Z;65
2024-05-17T13:00:18.9722626Z;79
2024-05-17T13:00:19.0705771Z;97
2024-05-17T13:00:19.1868981Z;115
2024-05-17T13:00:19.2783443Z;81
2024-05-17T13:00:19.3955675Z;101
2024-05-17T13:00:19.5535988Z;107
2024-05-17T13:00:19.6332458Z;79
2024-05-17T13:00:19.7348836Z;101
2024-05-17T13:00:19.8561005Z;120
2024-05-17T13:00:19.9446441Z;88
2024-05-17T13:00:20.0340997Z;89
2024-05-17T13:00:20.1512543Z;116
2024-05-17T13:00:20.2601436Z;107
2024-05-17T13:00:20.3462786Z;84
2024-05-17T13:00:20.4575483Z;110
2024-05-17T13:00:20.5463618Z;88
2024-05-17T13:00:20.6361492Z;87
2024-05-17T13:00:20.7410264Z;104
2024-05-17T13:00:20.8337206Z;92
2024-05-17T13:00:20.9210929Z;87
2024-05-17T13:00:21.0532745Z;131
2024-05-17T13:00:21.1219488Z;67
2024-05-17T13:00:21.2688156Z;146
2024-05-17T13:00:21.3652635Z;95
2024-05-17T13:00:21.4635260Z;97
2024-05-17T13:00:21.5474682Z;83
2024-05-17T13:00:21.6191758Z;71
2024-05-17T13:00:21.8165838Z;141
2024-05-17T13:00:21.8889611Z;72
2024-05-17T13:00:22.0413815Z;152
2024-05-17T13:00:22.1445701Z;102
2024-05-17T13:00:22.2238125Z;78
2024-05-17T13:00:22.3109858Z;86
2024-05-17T13:00:22.3993727Z;87
2024-05-17T13:00:22.5042856Z;104
2024-05-17T13:00:22.6229384Z;118
2024-05-17T13:00:22.7244642Z;101
2024-05-17T13:00:22.8686298Z;141
2024-05-17T13:00:22.9566739Z;87
2024-05-17T13:00:23.0271500Z;70
2024-05-17T13:00:23.1643554Z;136
2024-05-17T13:00:23.3695585Z;204
2024-05-17T13:00:23.4711292Z;100
2024-05-17T13:00:23.5482135Z;76
2024-05-17T13:00:23.6456391Z;97
2024-05-17T13:00:23.7844041Z;138
2024-05-17T13:00:23.8993274Z;108
2024-05-17T13:00:23.9662887Z;66
2024-05-17T13:00:24.0524913Z;84
2024-05-17T13:00:24.1791134Z;125
2024-05-17T13:00:24.2539239Z;74
2024-05-17T13:00:24.3613834Z;107
2024-05-17T13:00:24.4706879Z;109
2024-05-17T13:00:24.5452705Z;74
2024-05-17T13:00:24.6914280Z;145
2024-05-17T13:00:24.7656700Z;72
2024-05-17T13:00:24.8484757Z;82
2024-05-17T13:00:24.9389594Z;90
2024-05-17T13:00:25.1041457Z;164
2024-05-17T13:00:25.2019603Z;97
2024-05-17T13:00:25.2770488Z;74
2024-05-17T13:00:25.4220990Z;144
2024-05-17T13:00:25.5498278Z;127
2024-05-17T13:00:25.6941007Z;143
2024-05-17T13:00:25.7580004Z;63
2024-05-17T13:00:25.8538652Z;94
2024-05-17T13:00:25.9622804Z;106
2024-05-17T13:00:26.0313596Z;66
2024-05-17T13:00:26.1298790Z;98
2024-05-17T13:00:26.2430700Z;112
2024-05-17T13:00:26.3884186Z;140
2024-05-17T13:00:26.5481391Z;159
2024-05-17T13:00:26.6099905Z;61
2024-05-17T13:00:26.7358748Z;125
2024-05-17T13:00:26.8667203Z;130
2024-05-17T13:00:26.9604225Z;93
2024-05-17T13:00:27.0347359Z;72
2024-05-17T13:00:27.1408579Z;105
2024-05-17T13:00:27.2648441Z;123
2024-05-17T13:00:27.3306923Z;59
2024-05-17T13:00:27.4807990Z;148
2024-05-17T13:00:27.5947253Z;111
2024-05-17T13:00:27.6657445Z;70
2024-05-17T13:00:27.7789740Z;112
2024-05-17T13:00:27.8647522Z;85
2024-05-17T13:00:27.9568483Z;91
2024-05-17T13:00:28.0428688Z;85
2024-05-17T13:00:28.1717825Z;128
2024-05-17T13:00:28.2754471Z;101
2024-05-17T13:00:28.3886614Z;112
2024-05-17T13:00:28.4659728Z;75
2024-05-17T13:00:28.5784963Z;112
2024-05-17T13:00:28.6741494Z;93
2024-05-17T13:00:28.7498192Z;75
2024-05-17T13:00:28.8195233Z;69
2024-05-17T13:00:28.9205745Z;100
2024-05-17T13:00:29.0261188Z;105
2024-05-17T13:00:29.1188352Z;91
2024-05-17T13:00:29.2160475Z;96
2024-05-17T13:00:29.3345227Z;117
2024-05-17T13:00:29.4564854Z;121
2024-05-17T13:00:29.5633028Z;106
2024-05-17T13:00:29.6509857Z;86
2024-05-17T13:00:29.7907954Z;139
2024-05-17T13:00:29.9552471Z;164
2024-05-17T13:00:30.0522405Z;96
2024-05-17T13:00:30.1666306Z;113
2024-05-17T13:00:30.2621134Z;95
2024-05-17T13:00:30.3326043Z;70
2024-05-17T13:00:30.4385045Z;105
2024-05-17T13:00:30.5547136Z;115
2024-05-17T13:00:30.6751576Z;120
2024-05-17T13:00:30.7490240Z;73
2024-05-17T13:00:30.8523671Z;103
2024-05-17T13:00:30.9589423Z;106
2024-05-17T13:00:31.0395865Z;80
2024-05-17T13:00:31.1106424Z;70
2024-05-17T13:00:31.2076507Z;95
2024-05-17T13:00:31.3416389Z;133
2024-05-17T13:00:31.4510620Z;109
2024-05-17T13:00:31.5595465Z;108
2024-05-17T13:00:31.6951056Z;135
2024-05-17T13:00:31.7932629Z;97
2024-05-17T13:00:31.8865964Z;92
2024-05-17T13:00:31.9861213Z;99
2024-05-17T13:00:32.0591663Z;72
2024-05-17T13:00:32.1530892Z;93
2024-05-17T13:00:32.2480583Z;94
2024-05-17T13:00:32.3575362Z;109
2024-05-17T13:00:32.4770989Z;119
2024-05-17T13:00:32.5603731Z;82
2024-05-17T13:00:32.6504825Z;89
2024-05-17T13:00:32.7571638Z;106
2024-05-17T13:00:32.8465647Z;88
2024-05-17T13:00:32.9325478Z;85
2024-05-17T13:00:33.0292055Z;96
2024-05-17T13:00:33.1014013Z;71
2024-05-17T13:00:33.2488946Z;147
2024-05-17T13:00:33.3962144Z;145
2024-05-17T13:00:33.5151540Z;118
2024-05-17T13:00:33.6353278Z;119
2024-05-17T13:00:33.7214132Z;85
2024-05-17T13:00:33.7905668Z;68
2024-05-17T13:00:33.9082986Z;117
2024-05-17T13:00:34.0009402Z;86
2024-05-17T13:00:34.0664356Z;61
2024-05-17T13:00:34.1802952Z;112
2024-05-17T13:00:34.2821497Z;101
2024-05-17T13:00:34.3926783Z;109
2024-05-17T13:00:34.4637638Z;70
2024-05-17T13:00:34.5808579Z;116
2024-05-17T13:00:34.7631157Z;125
2024-05-17T13:00:34.8673746Z;103
2024-05-17T13:00:34.9418266Z;73
2024-05-17T13:00:35.0367225Z;94
2024-05-17T13:00:35.1410190Z;102
2024-05-17T13:00:35.2621549Z;117
2024-05-17T13:00:35.3882244Z;121
2024-05-17T13:00:35.4828840Z;92
2024-05-17T13:00:35.5811099Z;97
2024-05-17T13:00:35.7393771Z;157
2024-05-17T13:00:35.8382078Z;97
2024-05-17T13:00:35.9084601Z;69
2024-05-17T13:00:36.0290045Z;120
2024-05-17T13:00:36.1705203Z;141
2024-05-17T13:00:36.2565826Z;85
2024-05-17T13:00:36.4230105Z;166
2024-05-17T13:00:36.5605037Z;135
2024-05-17T13:00:36.6670369Z;106
2024-05-17T13:00:36.7973905Z;129
2024-05-17T13:00:36.8968498Z;92
2024-05-17T13:00:36.9775554Z;66
2024-05-17T13:00:37.0668079Z;88
2024-05-17T13:00:37.1919686Z;124
2024-05-17T13:00:37.3087030Z;115
2024-05-17T13:00:37.3965853Z;87
2024-05-17T13:00:37.4896885Z;92
2024-05-17T13:00:37.5883826Z;98
2024-05-17T13:00:37.6716521Z;82
2024-05-17T13:00:37.7678249Z;90
2024-05-17T13:00:37.8415883Z;73
2024-05-17T13:00:37.9495961Z;107
2024-05-17T13:00:38.0673212Z;116
2024-05-17T13:00:38.2000732Z;132
2024-05-17T13:00:38.3077383Z;107
2024-05-17T13:00:38.3763924Z;65
2024-05-17T13:00:38.5089812Z;131
2024-05-17T13:00:38.6061522Z;95
2024-05-17T13:00:38.7048520Z;97
2024-05-17T13:00:38.8099029Z;104
2024-05-17T13:00:38.9307452Z;120
2024-05-17T13:00:39.1102988Z;179
2024-05-17T13:00:39.1770836Z;66
2024-05-17T13:00:39.3123680Z;132
2024-05-17T13:00:39.4211792Z;107
2024-05-17T13:00:39.5193740Z;97
2024-05-17T13:00:39.6340725Z;114
2024-05-17T13:00:39.7270147Z;91
2024-05-17T13:00:39.8189350Z;83
2024-05-17T13:00:39.9078409Z;81
2024-05-17T13:00:39.9943441Z;86
2024-05-17T13:00:40.1619617Z;167
2024-05-17T13:00:40.2475760Z;83
2024-05-17T13:00:40.4033909Z;120
2024-05-17T13:00:40.4732692Z;69
2024-05-17T13:00:40.5623475Z;86
2024-05-17T13:00:40.6730289Z;110
2024-05-17T13:00:40.7768465Z;102
2024-05-17T13:00:40.8453155Z;66
2024-05-17T13:00:40.9578055Z;112
2024-05-17T13:00:41.0596091Z;100
2024-05-17T13:00:41.1582262Z;98
2024-05-17T13:00:41.2514665Z;92
2024-05-17T13:00:41.3397992Z;87
2024-05-17T13:00:41.4488537Z;108
2024-05-17T13:00:41.5531326Z;104
2024-05-17T13:00:41.6367963Z;83
2024-05-17T13:00:41.7297297Z;92
2024-05-17T13:00:41.8666483Z;136
2024-05-17T13:00:41.9430361Z;76
2024-05-17T13:00:42.1012403Z;154
2024-05-17T13:00:42.2290291Z;127
2024-05-17T13:00:42.3449810Z;115
2024-05-17T13:00:42.4241861Z;78
2024-05-17T13:00:42.5222419Z;97
2024-05-17T13:00:42.6259066Z;103
2024-05-17T13:00:42.7096864Z;83
2024-05-17T13:00:42.7901638Z;80
2024-05-17T13:00:42.8993524Z;108
2024-05-17T13:00:42.9993893Z;98
2024-05-17T13:00:43.0926037Z;92
2024-05-17T13:00:43.1939088Z;99
2024-05-17T13:00:43.3811112Z;161
2024-05-17T13:00:43.5064479Z;117
2024-05-17T13:00:43.6705094Z;163
2024-05-17T13:00:43.9000807Z;226
2024-05-17T13:00:44.1229888Z;222
2024-05-17T13:00:44.2675941Z;144
2024-05-17T13:00:44.3404157Z;70
2024-05-17T13:00:44.4229477Z;81
2024-05-17T13:00:44.5067273Z;83
2024-05-17T13:00:44.6804286Z;173
2024-05-17T13:00:44.7408180Z;60
2024-05-17T13:00:44.8690757Z;127
2024-05-17T13:00:45.0129655Z;143
2024-05-17T13:00:45.1581462Z;144
2024-05-17T13:00:45.2551787Z;96
2024-05-17T13:00:45.3541769Z;98
2024-05-17T13:00:45.4636229Z;109
2024-05-17T13:00:45.5992455Z;135
2024-05-17T13:00:45.6859935Z;86
2024-05-17T13:00:45.8333880Z;147
2024-05-17T13:00:45.9352608Z;101
2024-05-17T13:00:46.0259898Z;90
2024-05-17T13:00:46.1146228Z;88
2024-05-17T13:00:46.1912628Z;75
2024-05-17T13:00:46.3003127Z;108
2024-05-17T13:00:46.3839086Z;83
2024-05-17T13:00:46.5044557Z;120
2024-05-17T13:00:46.5894679Z;84
2024-05-17T13:00:46.7072824Z;117
2024-05-17T13:00:46.8035642Z;95
2024-05-17T13:00:46.9071521Z;103
2024-05-17T13:00:47.0369735Z;129
2024-05-17T13:00:47.1428519Z;103
2024-05-17T13:00:47.2305035Z;86
2024-05-17T13:00:47.3272835Z;96
2024-05-17T13:00:47.4436488Z;89
2024-05-17T13:00:47.5640769Z;120
2024-05-17T13:00:47.6643758Z;93
2024-05-17T13:00:47.7307709Z;66
2024-05-17T13:00:47.8548564Z;123
2024-05-17T13:00:47.9799913Z;122
2024-05-17T13:00:48.0946062Z;114
2024-05-17T13:00:48.1647493Z;69
2024-05-17T13:00:48.2517498Z;86
2024-05-17T13:00:48.3832628Z;131
2024-05-17T13:00:48.4899187Z;106
2024-05-17T13:00:48.5522149Z;62
2024-05-17T13:00:48.6479741Z;95
2024-05-17T13:00:48.7675064Z;118
2024-05-17T13:00:48.8956506Z;127
2024-05-17T13:00:49.0157035Z;119
2024-05-17T13:00:49.1368973Z;120
2024-05-17T13:00:49.2796215Z;142
2024-05-17T13:00:49.3760212Z;96
2024-05-17T13:00:49.4625711Z;86
2024-05-17T13:00:49.5527808Z;89
2024-05-17T13:00:49.6340932Z;80
2024-05-17T13:00:49.7361587Z;101
2024-05-17T13:00:49.8449306Z;108
2024-05-17T13:00:49.9317840Z;86
2024-05-17T13:00:50.0503577Z;118
2024-05-17T13:00:50.1992714Z;148
2024-05-17T13:00:50.2827791Z;83
2024-05-17T13:00:50.4016802Z;103
2024-05-17T13:00:50.4737457Z;71
2024-05-17T13:00:50.5777515Z;103
2024-05-17T13:00:50.6733384Z;95
2024-05-17T13:00:50.7710615Z;97
2024-05-17T13:00:50.9375044Z;166
2024-05-17T13:00:51.0092263Z;70
2024-05-17T13:00:51.1581061Z;147
2024-05-17T13:00:51.2776873Z;118
2024-05-17T13:00:51.3669731Z;88
2024-05-17T13:00:51.5093030Z;141
2024-05-17T13:00:51.6178663Z;106
2024-05-17T13:00:51.6796906Z;61
2024-05-17T13:00:51.7926701Z;112
2024-05-17T13:00:51.9439879Z;150
2024-05-17T13:00:52.0319494Z;87
2024-05-17T13:00:52.1244388Z;92
2024-05-17T13:00:52.2493556Z;124
2024-05-17T13:00:52.3339576Z;83
2024-05-17T13:00:52.4246022Z;90
2024-05-17T13:00:52.5022283Z;77
2024-05-17T13:00:52.6158398Z;111
2024-05-17T13:00:52.7086283Z;92
2024-05-17T13:00:52.8160217Z;106
2024-05-17T13:00:52.9154303Z;97
2024-05-17T13:00:52.9993878Z;83
2024-05-17T13:00:53.1056025Z;105
2024-05-17T13:00:53.1885178Z;82
2024-05-17T13:00:53.3098744Z;120
2024-05-17T13:00:53.4074469Z;96
2024-05-17T13:00:53.5036302Z;95
2024-05-17T13:00:53.5743228Z;70
2024-05-17T13:00:53.7224694Z;147
2024-05-17T13:00:53.8051039Z;82
2024-05-17T13:00:53.8954498Z;90
2024-05-17T13:00:54.0085294Z;112
2024-05-17T13:00:54.1316496Z;122
2024-05-17T13:00:54.2081768Z;76
2024-05-17T13:00:54.3105492Z;102
2024-05-17T13:00:54.4940143Z;182
2024-05-17T13:00:54.5949142Z;100
2024-05-17T13:00:54.7205020Z;125
2024-05-17T13:00:54.8030617Z;82
2024-05-17T13:00:54.9520184Z;148
2024-05-17T13:00:55.0801033Z;127
2024-05-17T13:00:55.1459711Z;65
2024-05-17T13:00:55.2434216Z;97
2024-05-17T13:00:55.3725106Z;128
2024-05-17T13:00:55.4829782Z;110
2024-05-17T13:00:55.5648764Z;81
2024-05-17T13:00:55.6569098Z;90
2024-05-17T13:00:55.8140882Z;156
2024-05-17T13:00:55.9419469Z;127
2024-05-17T13:00:56.0330967Z;90
2024-05-17T13:00:56.1378198Z;104
2024-05-17T13:00:56.2444642Z;106
2024-05-17T13:00:56.3459453Z;101
2024-05-17T13:00:56.4357547Z;89
2024-05-17T13:00:56.5560640Z;120
2024-05-17T13:00:56.6424085Z;85
2024-05-17T13:00:56.7763629Z;133
2024-05-17T13:00:56.8829181Z;106
2024-05-17T13:00:56.9499333Z;66
2024-05-17T13:00:57.0523800Z;101
2024-05-17T13:00:57.1501949Z;97
2024-05-17T13:00:57.2360633Z;85
2024-05-17T13:00:57.3565471Z;120
2024-05-17T13:00:57.4252385Z;66
2024-05-17T13:00:57.5710349Z;138
2024-05-17T13:00:57.7224317Z;150
2024-05-17T13:00:57.8417518Z;118
2024-05-17T13:00:58.0672497Z;225
2024-05-17T13:00:58.2153632Z;147
2024-05-17T13:00:58.2817070Z;65
2024-05-17T13:00:58.3788803Z;96
2024-05-17T13:00:58.4795218Z;100
2024-05-17T13:00:58.5451641Z;65
2024-05-17T13:00:58.6847797Z;138
2024-05-17T13:00:58.7629825Z;77
2024-05-17T13:00:58.8492938Z;86
2024-05-17T13:00:58.9550472Z;105
2024-05-17T13:00:59.0692722Z;113
2024-05-17T13:00:59.1498218Z;80
2024-05-17T13:00:59.2262879Z;76
2024-05-17T13:00:59.3389242Z;112
2024-05-17T13:00:59.4328515Z;93
2024-05-17T13:00:59.5182668Z;81
2024-05-17T13:00:59.6238935Z;98
2024-05-17T13:00:59.7093768Z;85
2024-05-17T13:00:59.8487773Z;138
2024-05-17T13:00:59.9799913Z;126
2024-05-17T13:01:00.0915734Z;105
2024-05-17T13:01:00.1579998Z;66
2024-05-17T13:01:00.2615501Z;103
2024-05-17T13:01:00.3740518Z;112
2024-05-17T13:01:00.4624879Z;88
2024-05-17T13:01:00.5910016Z;128
2024-05-17T13:01:00.6843002Z;92
2024-05-17T13:01:00.7614333Z;76
2024-05-17T13:01:00.8694953Z;100
2024-05-17T13:01:01.0276869Z;157
2024-05-17T13:01:01.1686519Z;140
2024-05-17T13:01:01.2769736Z;64
2024-05-17T13:01:01.3664248Z;89
2024-05-17T13:01:01.4782318Z;95
2024-05-17T13:01:01.5815745Z;103
2024-05-17T13:01:01.6703104Z;88
2024-05-17T13:01:01.7550694Z;83
2024-05-17T13:01:01.8595713Z;103
2024-05-17T13:01:01.9764856Z;91
2024-05-17T13:01:02.0979052Z;121
2024-05-17T13:01:02.1917783Z;93
2024-05-17T13:01:02.2905064Z;98
2024-05-17T13:01:02.3857997Z;94
2024-05-17T13:01:02.5107056Z;124
2024-05-17T13:01:02.6177160Z;106
2024-05-17T13:01:02.7497438Z;130
2024-05-17T13:01:02.8699362Z;119
2024-05-17T13:01:03.0058307Z;135
2024-05-17T13:01:03.1202498Z;114
2024-05-17T13:01:03.1875682Z;65
2024-05-17T13:01:03.3634922Z;175
2024-05-17T13:01:03.4783370Z;112
2024-05-17T13:01:03.5904775Z;111
2024-05-17T13:01:03.6651931Z;74
2024-05-17T13:01:03.7919879Z;126
2024-05-17T13:01:03.9428494Z;150
2024-05-17T13:01:04.0468573Z;103
2024-05-17T13:01:04.1470981Z;98
2024-05-17T13:01:04.2310899Z;83
2024-05-17T13:01:04.3452559Z;113
2024-05-17T13:01:04.4430447Z;97
2024-05-17T13:01:04.5325852Z;89
2024-05-17T13:01:04.6011259Z;68
2024-05-17T13:01:04.6829049Z;80
2024-05-17T13:01:04.7836846Z;99
2024-05-17T13:01:04.8585694Z;74
2024-05-17T13:01:04.9715567Z;111
2024-05-17T13:01:05.0346986Z;62
2024-05-17T13:01:05.1236618Z;87
2024-05-17T13:01:05.2411069Z;116
2024-05-17T13:01:05.3411053Z;99
2024-05-17T13:01:05.4236309Z;82
2024-05-17T13:01:05.5253209Z;101
2024-05-17T13:01:05.6337183Z;108
2024-05-17T13:01:05.7442065Z;110
2024-05-17T13:01:05.8423144Z;97
2024-05-17T13:01:06.0058376Z;163
2024-05-17T13:01:06.1246621Z;118
2024-05-17T13:01:06.1991940Z;73
2024-05-17T13:01:06.2961907Z;96
2024-05-17T13:01:06.4135548Z;116
2024-05-17T13:01:06.5013584Z;87
2024-05-17T13:01:06.6038726Z;102
2024-05-17T13:01:06.7302708Z;70
2024-05-17T13:01:06.8555799Z;125
2024-05-17T13:01:06.9799420Z;124
2024-05-17T13:01:07.0685944Z;88
2024-05-17T13:01:07.1598070Z;90
2024-05-17T13:01:07.2781403Z;108
2024-05-17T13:01:07.3716266Z;92
2024-05-17T13:01:07.4447689Z;72
2024-05-17T13:01:07.5365227Z;91
2024-05-17T13:01:07.6224811Z;85
2024-05-17T13:01:07.7551151Z;132
2024-05-17T13:01:07.8547892Z;99
2024-05-17T13:01:07.9636915Z;107
2024-05-17T13:01:08.0630337Z;98
2024-05-17T13:01:08.1521644Z;88
2024-05-17T13:01:08.2232156Z;70
2024-05-17T13:01:08.3378457Z;114
2024-05-17T13:01:08.5534640Z;127
2024-05-17T13:01:08.6389591Z;84
2024-05-17T13:01:08.7695183Z;129
2024-05-17T13:01:08.8445535Z;74
2024-05-17T13:01:08.9650112Z;120
2024-05-17T13:01:09.0402077Z;74
2024-05-17T13:01:09.1469772Z;106
2024-05-17T13:01:09.2363760Z;89
2024-05-17T13:01:09.3162707Z;78
2024-05-17T13:01:09.4487797Z;131
2024-05-17T13:01:09.5365986Z;87
2024-05-17T13:01:09.6379261Z;101
2024-05-17T13:01:09.7359915Z;97
2024-05-17T13:01:09.8200430Z;83
2024-05-17T13:01:09.9152099Z;94
2024-05-17T13:01:10.0083915Z;92
2024-05-17T13:01:10.0966917Z;87
2024-05-17T13:01:10.1930447Z;96
2024-05-17T13:01:10.3137661Z;119
2024-05-17T13:01:10.3857890Z;71
2024-05-17T13:01:10.4733711Z;87
2024-05-17T13:01:10.5481736Z;60
2024-05-17T13:01:10.6319979Z;83
2024-05-17T13:01:10.7621965Z;129
2024-05-17T13:01:10.8866304Z;124
2024-05-17T13:01:11.0044514Z;117
2024-05-17T13:01:11.1155238Z;104
2024-05-17T13:01:11.1779860Z;62
2024-05-17T13:01:11.3233892Z;144
2024-05-17T13:01:11.4101605Z;86
2024-05-17T13:01:11.4934803Z;83
2024-05-17T13:01:11.5970600Z;103
2024-05-17T13:01:11.6928798Z;95
2024-05-17T13:01:11.7572156Z;63
2024-05-17T13:01:11.8793791Z;119
2024-05-17T13:01:11.9855763Z;105
2024-05-17T13:01:12.1039740Z;117
2024-05-17T13:01:12.2651003Z;159
2024-05-17T13:01:12.3763498Z;110
2024-05-17T13:01:12.4454475Z;68
2024-05-17T13:01:12.5666419Z;120
2024-05-17T13:01:12.6642200Z;97
2024-05-17T13:01:12.7428999Z;78
2024-05-17T13:01:12.8416614Z;98
2024-05-17T13:01:12.9510794Z;109
2024-05-17T13:01:13.0427106Z;91
2024-05-17T13:01:13.1593534Z;116
2024-05-17T13:01:13.3123763Z;152
2024-05-17T13:01:13.4416664Z;125
2024-05-17T13:01:13.6153599Z;123
2024-05-17T13:01:13.6999083Z;83
2024-05-17T13:01:13.7896061Z;88
2024-05-17T13:01:13.8818767Z;91
2024-05-17T13:01:13.9689357Z;86
2024-05-17T13:01:14.0665155Z;95
2024-05-17T13:01:14.1795034Z;112
2024-05-17T13:01:14.2642093Z;84
2024-05-17T13:01:14.3935988Z;129
2024-05-17T13:01:14.4737382Z;79
2024-05-17T13:01:14.5786955Z;104
2024-05-17T13:01:14.6575013Z;76
2024-05-17T13:01:14.7589165Z;100
2024-05-17T13:01:14.8454800Z;86
2024-05-17T13:01:14.9657077Z;119
2024-05-17T13:01:15.1189781Z;152
2024-05-17T13:01:15.2913133Z;171
2024-05-17T13:01:15.5878791Z;293
2024-05-17T13:01:15.6722940Z;73
2024-05-17T13:01:15.7751089Z;102
2024-05-17T13:01:15.8812740Z;105
2024-05-17T13:01:16.0229977Z;141
2024-05-17T13:01:16.1031218Z;79
2024-05-17T13:01:16.2253797Z;122
2024-05-17T13:01:16.3994076Z;173
2024-05-17T13:01:16.5080522Z;108
2024-05-17T13:01:16.6471083Z;138
2024-05-17T13:01:16.8071886Z;159
2024-05-17T13:01:16.9005492Z;93
2024-05-17T13:01:16.9788107Z;77
2024-05-17T13:01:17.0841460Z;104
2024-05-17T13:01:17.2028037Z;118
2024-05-17T13:01:17.2679627Z;64
2024-05-17T13:01:17.3676910Z;99
2024-05-17T13:01:17.4599276Z;91
2024-05-17T13:01:17.5639617Z;103
2024-05-17T13:01:17.6451417Z;80
2024-05-17T13:01:17.7477345Z;99
2024-05-17T13:01:17.8337367Z;85
2024-05-17T13:01:17.9602215Z;122
2024-05-17T13:01:18.0410641Z;77
2024-05-17T13:01:18.1261905Z;84
2024-05-17T13:01:18.2291612Z;102
2024-05-17T13:01:18.3715087Z;141
2024-05-17T13:01:18.4546849Z;81
2024-05-17T13:01:18.5473486Z;92
2024-05-17T13:01:18.6650806Z;117
2024-05-17T13:01:18.7845757Z;119
2024-05-17T13:01:18.8551079Z;70
2024-05-17T13:01:19.0718220Z;216
2024-05-17T13:01:19.1970306Z;124
